31	27	28
25	87	1
92	19	62
68	13	94
89	95	38
73	50	85
13	16	21
99	19	95
7	13	65
63	94	45
2	19	30
75	100	85
80	59	73
26	19	49
31	40	6
67	72	82
47	56	76
80	40	85
55	77	85
31	38	15
92	100	73
37	39	38
48	22	1
1	2	24
61	64	90
59	97	22
19	39	24
63	77	67
62	57	90
71	5	1
14	59	20
71	3	67
23	25	12
27	79	45
87	62	70
56	91	73
43	47	37
92	65	94
92	61	82
3	38	12
47	21	44
71	59	51
76	39	33
50	19	24
77	65	73
9	42	49
37	31	32
80	72	91
54	9	2
14	5	21
92	66	89
34	38	6
26	70	44
2	99	36
17	8	30
7	26	72
81	99	82
77	27	11
26	40	8
66	87	90
25	50	18
63	93	79
100	65	22
72	82	1
74	17	70
78	25	99
36	5	20
86	90	18
34	15	44
55	79	96
74	65	6
25	14	42
29	11	30
23	50	45
92	55	96
37	54	84
47	2	36
3	44	24
66	86	79
40	19	11
30	93	45
16	22	20
71	29	52
71	72	88
42	80	30
83	84	52
14	13	15
25	86	44
47	53	41
35	83	98
56	97	84
77	38	96
4	27	90
56	90	88
43	4	32
68	95	84
75	83	65
37	17	20
92	94	57
80	53	69
58	59	79
55	98	74
34	5	8
81	27	96
77	64	41
79	44	45
34	5	33
63	55	30
83	74	51
95	97	15
78	80	85
80	74	59
25	87	88
63	92	95
43	88	73
31	50	52
23	92	73
54	34	27
89	76	84
10	80	70
4	21	84
61	94	21
83	2	62
78	86	97
92	94	82
26	47	35
23	17	12
23	13	34
39	33	6
47	10	49
9	55	62
72	19	36
75	92	57
2	46	20
63	77	93
60	93	91
79	76	91
28	87	12
21	33	45
23	42	2
100	51	90
50	48	41
51	82	88
78	70	57
86	98	97
65	96	85
30	46	45
40	15	84
69	98	79
32	49	33
34	51	45
72	97	84
54	94	38
1	13	24
100	89	94
4	64	57
81	59	49
7	55	53
75	83	61
100	81	93
68	33	85
7	41	18
54	79	5
93	95	97
2	53	8
93	64	94
83	99	70
47	49	21
63	51	57
74	87	79
89	61	73
3	12	18
54	75	82
66	86	61
23	4	45
7	55	15
35	42	3
67	65	57
31	92	94
66	3	39
92	66	72
13	34	21
32	36	39
66	67	70
60	61	84
77	64	95
54	87	90
63	75	78
60	83	93
75	67	38
53	27	85
4	48	90
97	51	96
54	61	15
68	42	30
27	48	24
29	72	74
31	29	97
65	59	90
92	60	84
2	67	16
9	36	38
61	96	88
64	62	97
60	66	74
69	62	87
80	89	58
29	17	45
23	42	44
86	94	24
94	79	96
23	39	1
75	93	96
56	57	20
43	50	56
83	15	91
47	21	20
13	42	30
48	41	20
59	94	11
13	99	70
68	95	79
67	59	21
100	42	22
32	6	12
9	31	35
83	16	64
81	74	99
30	37	85
13	83	67
18	9	30
78	55	85
71	95	90
4	8	12
86	59	24
17	65	8
7	59	6
50	28	15
36	11	49
35	93	65
100	70	91
100	89	64
78	75	11
32	64	41
48	17	73
31	2	30
34	36	24
63	86	95
75	89	72
23	19	82
97	49	76
28	12	30
47	31	5
13	16	5
55	11	12
55	34	10
64	70	57
56	94	82
63	66	90
60	61	52
11	91	18
55	58	95
42	53	36
71	83	82
35	34	44
47	35	58
23	40	16
4	93	64
37	89	88
14	3	46
7	35	61
68	75	64
23	8	44
46	6	1
10	33	30
25	60	75
18	10	45
43	9	53
4	81	65
28	17	5
78	50	84
92	86	72
14	98	88
41	39	12
2	21	39
42	72	65
83	87	95
59	52	73
53	74	57
29	41	33
65	11	18
4	13	6
55	49	85
10	42	27
7	34	11
74	59	94
3	36	33
68	75	86
55	65	95
66	70	94
63	80	91
4	69	67
58	99	30
55	84	82
71	75	70
81	95	18
16	49	6
2	22	6
23	40	82
83	3	70
26	27	76
86	51	30
92	67	59
92	55	67
25	58	24
63	100	62
4	98	16
74	96	84
99	61	56
62	94	90
23	83	72
2	58	90
29	15	1
47	10	12
50	36	8
89	64	59
36	94	39
78	49	82
75	29	86
80	93	82
10	34	98
53	39	85
35	22	33
2	56	70
68	60	70
32	98	6
14	3	48
60	35	82
58	62	97
19	39	6
92	97	15
71	58	72
4	22	41
23	66	45
93	70	88
41	6	73
31	91	33
71	61	59
31	53	28
47	78	3
43	25	38
43	13	16
81	99	76
8	38	46
29	17	21
4	49	39
11	44	85
78	58	15
26	96	88
50	95	96
100	50	72
4	25	10
4	58	79
25	78	46
9	29	49
68	48	24
23	47	4
68	54	96
75	42	59
75	61	65
71	41	33
13	6	24
47	75	81
76	84	73
74	51	91
89	58	56
43	9	50
14	19	11
35	2	15
26	17	6
40	11	38
32	39	73
83	89	59
35	72	1
26	17	15
53	72	57
43	42	1
47	70	73
66	81	82
63	27	17
7	51	30
54	72	97
74	72	88
86	64	59
47	70	96
50	17	48
22	44	33
80	58	95
92	91	82
31	50	5
86	91	73
86	69	18
100	70	96
63	33	88
65	97	21
42	19	12
75	69	27
89	51	41
80	15	30
68	3	52
75	67	72
83	95	96
26	14	39
53	70	96
100	89	65
63	51	52
64	90	73
71	4	11
75	55	85
75	17	30
37	34	46
67	56	52
68	36	52
75	94	85
55	98	16
23	34	39
38	12	45
75	89	61
38	33	85
4	80	95
37	14	76
9	31	38
47	42	27
66	53	81
61	70	84
86	95	91
92	21	12
26	29	33
77	42	41
95	90	52
32	50	1
37	36	6
69	96	91
5	49	33
68	38	24
26	47	29
71	68	77
68	50	19
23	91	45
100	89	74
89	94	90
75	82	73
4	64	52
69	51	57
86	58	79
25	61	90
7	83	16
54	79	90
68	69	97
43	77	17
89	67	73
40	46	85
78	86	52
34	28	21
50	89	85
54	94	82
83	59	82
86	62	20
71	67	84
65	87	51
23	2	20
23	67	57
34	62	22
99	51	39
95	94	76
10	66	17
77	98	84
74	99	97
54	97	88
42	36	24
53	89	70
26	31	3
72	17	87
9	29	39
28	22	30
50	99	70
86	27	24
53	80	64
43	88	1
47	11	5
54	53	72
14	29	64
26	43	17
10	96	52
43	46	20
18	98	1
54	34	2
37	59	5
34	29	11
47	25	90
83	72	21
18	15	45
99	36	95
70	94	51
86	48	51
75	98	62
78	66	69
25	29	18
86	95	51
54	97	79
64	22	52
67	49	20
14	5	84
95	70	96
100	53	99
64	39	18
9	41	15
50	5	33
79	88	84
74	90	57
74	65	82
72	22	21
94	82	85
4	61	46
71	56	97
71	55	90
25	13	99
78	13	76
37	52	45
9	31	48
16	87	41
93	82	57
77	67	72
77	81	83
43	77	53
43	65	79
89	5	84
22	84	45
22	44	18
55	40	57
7	47	46
100	60	97
71	61	49
68	69	88
53	74	11
7	95	21
80	72	59
54	78	95
98	28	52
63	55	57
7	34	2
28	21	46
69	95	97
35	22	41
2	36	8
98	65	64
4	5	20
73	75	30
63	99	57
24	23	20
54	76	90
71	69	85
29	3	30
80	74	28
23	12	52
9	27	1
99	62	90
5	8	24
3	38	24
60	84	91
62	52	1
42	38	15
74	99	8
68	47	55
77	80	74
47	33	44
68	87	91
80	51	90
27	76	5
43	16	18
70	57	30
23	2	80
68	72	97
23	47	51
66	87	38
10	12	44
74	79	6
14	13	38
14	13	95
42	2	11
54	81	70
14	58	20
36	33	6
9	34	6
17	36	22
91	12	24
37	27	8
9	11	49
37	19	20
34	22	1
81	87	59
34	8	15
56	59	76
16	65	33
71	93	59
47	13	29
36	59	24
92	75	87
13	14	18
75	95	52
60	44	45
34	69	5
3	39	1
26	35	99
25	31	34
25	17	87
13	91	33
32	56	76
28	48	30
25	35	94
75	83	91
81	74	79
3	48	41
83	94	76
43	53	65
37	5	1
54	83	90
13	19	45
31	5	12
83	80	99
7	2	27
7	15	24
62	76	96
31	39	33
74	99	84
80	93	11
69	97	57
40	5	41
80	89	99
7	23	41
83	61	16
42	89	76
9	80	84
53	93	65
34	17	39
22	12	20
50	86	59
81	61	91
80	98	65
43	8	12
58	51	88
92	74	84
75	55	32
92	83	86
3	74	45
66	81	79
43	62	5
68	60	73
31	35	5
60	74	62
64	70	82
31	42	29
63	77	96
53	58	62
35	40	74
55	72	8
68	59	70
93	64	57
28	41	46
50	17	20
71	63	85
83	62	51
50	2	93
49	96	20
40	11	70
71	89	65
35	16	48
63	55	82
48	59	20
67	99	16
26	31	28
63	100	97
61	84	90
72	70	84
23	99	17
26	19	20
23	11	1
86	53	84
47	55	8
48	21	24
63	67	88
23	70	84
37	92	56
98	58	87
83	74	73
75	36	49
66	59	57
47	27	17
23	92	18
25	74	15
23	46	52
26	37	60
75	69	76
62	64	96
4	9	42
75	66	57
95	70	15
9	62	18
83	65	51
71	89	57
86	3	39
31	29	2
29	44	18
4	36	1
36	96	46
50	44	12
50	66	3
68	98	5
47	95	82
3	36	41
2	38	1
76	84	33
63	64	90
3	12	20
43	37	19
47	42	16
63	58	15
32	48	22
9	40	24
35	36	20
80	3	36
40	17	18
35	21	39
61	62	12
9	40	49
100	66	67
7	4	36
40	36	11
19	17	90
69	86	80
32	27	36
2	21	41
40	36	30
48	41	6
14	38	20
29	81	20
7	6	18
7	3	21
26	59	20
58	27	57
47	42	2
69	59	88
3	21	24
89	97	84
78	83	70
2	6	46
35	96	44
7	67	65
7	25	18
42	40	46
92	96	90
37	25	38
42	2	6
37	29	22
14	13	2
87	64	76
14	77	61
26	66	69
60	95	73
11	12	18
32	87	18
72	93	76
71	37	24
9	31	20
78	5	15
5	33	30
78	77	96
37	89	97
16	88	33
74	59	52
55	59	95
98	97	90
40	12	33
100	80	11
23	98	8
38	41	24
37	36	33
75	67	91
73	84	57
10	61	30
62	48	21
72	82	18
68	48	95
31	40	59
75	98	22
47	82	90
79	91	57
55	98	45
89	56	38
68	60	66
34	16	19
25	94	88
7	19	62
13	38	46
27	49	12
68	14	91
99	52	88
34	8	44
32	21	45
14	42	48
86	89	72
78	77	69
92	99	88
37	29	45
26	4	33
63	53	73
78	2	44
47	37	12
26	63	12
23	47	34
23	10	22
7	9	31
54	59	94
71	82	20
32	36	84
50	12	1
43	36	18
9	48	38
32	80	89
38	46	24
63	42	38
43	26	44
71	69	91
97	79	70
42	67	6
25	46	30
80	99	95
27	57	82
65	79	45
42	28	6
53	89	88
26	60	85
55	74	59
19	11	20
40	17	30
75	60	53
29	21	12
78	77	74
4	32	60
71	89	59
92	25	96
23	36	17
31	35	59
68	62	91
92	67	65
68	97	45
16	22	6
34	80	99
37	65	24
31	32	66
75	52	84
17	49	6
80	97	90
7	63	13
70	15	18
26	65	49
13	28	1
26	53	15
43	29	44
63	61	56
69	95	57
2	17	85
24	52	30
18	1	30
24	98	20
11	12	45
35	61	49
37	16	46
13	50	8
29	48	11
100	81	89
55	81	99
60	74	96
43	48	12
68	74	51
89	97	20
86	62	70
23	32	96
25	65	85
40	16	88
93	70	96
37	46	44
66	5	44
26	38	24
97	84	90
25	81	86
14	33	30
68	87	70
34	3	28
71	54	80
86	16	88
13	50	2
69	99	95
31	21	45
29	40	30
100	67	88
7	58	64
9	44	45
60	10	29
10	16	15
71	77	15
29	8	6
45	3	24
7	63	53
98	56	84
77	74	57
54	81	61
15	12	38
69	88	52
42	19	21
50	40	45
55	62	84
93	62	84
67	74	93
93	90	20
75	84	45
53	74	27
60	64	24
46	6	18
37	40	27
34	17	48
25	49	1
50	89	96
35	27	48
71	62	76
10	49	12
16	62	70
71	36	90
80	48	21
38	44	1
100	52	30
32	34	38
47	14	1
53	91	84
55	53	22
34	19	1
81	82	20
14	41	22
37	10	2
43	31	21
47	28	24
37	41	24
40	48	44
23	10	11
30	49	24
25	32	49
69	93	91
25	32	39
81	89	72
26	8	38
71	98	79
14	8	39
47	5	22
26	14	58
85	7	1
60	58	33
7	32	17
43	11	52
99	64	57
66	42	56
31	17	18
26	37	1
31	59	85
10	83	59
89	84	90
78	13	46
75	53	48
68	94	82
53	87	33
4	92	50
19	36	82
17	5	18
92	58	74
32	82	84
23	54	38
29	19	44
76	38	82
63	29	18
37	17	48
31	14	20
71	65	95
71	17	22
37	89	19
68	70	96
69	74	56
89	61	84
78	95	45
9	86	67
48	15	88
3	49	30
14	48	45
54	66	84
92	86	98
37	95	94
53	94	44
43	63	72
65	15	41
7	14	17
47	4	75
43	64	95
68	58	64
10	33	18
26	13	16
42	36	21
55	86	94
60	69	88
43	13	51
36	6	45
4	49	24
2	16	30
9	47	50
63	27	11
53	27	65
98	58	22
99	87	97
53	86	51
81	86	62
43	5	51
32	96	84
71	78	93
29	67	76
26	23	94
53	46	45
9	50	45
78	66	85
42	70	88
25	35	38
27	15	45
62	39	33
32	81	84
32	83	73
78	92	66
24	95	30
29	16	97
55	97	73
7	35	28
32	27	41
21	46	33
69	64	91
80	61	59
26	33	91
36	6	24
2	98	96
71	99	96
7	31	39
55	70	88
81	58	73
78	87	97
13	59	70
42	49	20
51	52	88
10	3	38
9	100	37
100	55	79
64	59	88
69	95	88
37	6	1
83	76	82
26	37	28
68	69	76
55	82	24
61	64	91
99	64	79
47	34	6
13	22	46
7	65	8
87	8	82
42	66	45
54	92	97
69	72	90
26	8	85
69	97	20
50	28	88
34	27	73
9	11	70
37	14	18
93	76	33
66	86	95
83	58	62
58	76	82
54	67	88
13	27	11
89	65	22
25	93	95
66	94	82
58	65	84
54	86	58
80	93	59
54	46	73
14	28	38
31	98	1
47	16	17
60	66	96
9	25	82
99	59	79
9	38	33
78	98	82
55	81	87
28	19	90
78	83	53
50	46	20
35	28	5
63	89	82
72	28	65
89	61	95
75	86	64
7	13	34
36	49	45
78	58	95
25	53	11
7	78	14
30	84	57
43	68	89
26	37	63
3	22	6
13	36	95
35	48	76
16	22	46
83	69	82
80	2	84
26	22	12
9	19	16
99	22	44
28	15	41
68	50	52
26	9	1
54	98	59
71	51	33
81	29	33
68	72	36
54	86	65
75	46	18
55	81	64
60	82	24
74	70	88
74	87	94
77	80	85
100	15	1
77	70	97
83	6	44
71	9	31
4	28	6
7	26	24
99	62	85
77	64	56
11	76	84
54	72	61
37	51	52
55	72	99
23	1	24
23	15	44
75	69	64
55	98	87
86	64	56
50	35	5
26	35	11
11	70	91
47	13	1
28	93	22
58	19	85
94	91	85
95	94	88
35	5	6
34	80	72
58	95	79
4	70	51
47	31	50
54	87	59
47	38	18
34	49	1
7	25	45
37	17	41
99	79	76
34	41	90
66	53	95
5	38	12
86	58	73
83	88	85
43	55	17
54	81	20
81	94	21
25	28	11
77	49	38
31	64	12
63	75	35
43	34	64
8	39	30
1	15	24
32	28	8
54	74	91
75	28	73
55	87	94
3	41	22
71	60	89
48	49	30
71	81	91
26	99	48
8	21	45
15	12	30
9	67	46
97	94	90
25	81	91
78	61	51
79	8	12
50	64	88
25	48	20
26	47	53
81	72	79
35	34	42
53	56	70
18	11	24
13	8	57
11	8	6
7	13	32
34	76	12
53	51	88
32	50	5
68	60	1
83	39	20
81	93	64
68	74	56
71	58	8
32	33	30
92	72	51
7	43	14
2	48	15
74	56	85
26	13	6
54	4	77
23	78	27
56	44	82
54	75	100
78	67	76
26	2	17
14	16	22
98	58	62
47	98	8
32	81	93
37	53	49
26	23	50
43	28	15
71	69	12
26	96	1
4	25	12
23	35	30
13	3	6
78	80	16
55	50	84
62	51	88
54	55	82
64	17	96
54	58	57
68	54	82
9	47	38
81	65	5
100	21	44
69	90	73
14	86	17
74	84	91
54	53	36
4	3	15
87	95	85
78	75	64
71	9	97
31	27	24
95	88	82
81	94	76
77	80	56
71	64	95
58	65	64
100	86	88
47	40	17
17	15	30
43	37	99
78	55	72
23	44	18
100	16	90
9	33	18
14	95	79
37	29	8
25	21	33
20	66	18
68	27	91
77	8	22
19	12	33
54	100	84
10	27	41
64	59	96
100	17	73
63	60	11
4	14	32
100	67	70
43	13	48
4	75	84
75	79	73
63	72	44
70	15	21
98	61	97
60	77	19
42	40	12
63	12	1
20	28	18
7	13	15
28	49	76
50	35	36
40	28	91
35	39	41
43	5	15
10	34	41
26	43	24
74	72	82
10	76	1
47	11	1
79	5	57
60	58	56
37	31	15
77	72	84
26	35	39
78	77	95
47	50	48
75	81	62
14	59	94
74	64	44
89	93	84
28	49	12
26	87	8
68	2	62
37	50	3
67	64	70
48	11	22
53	33	45
53	65	82
14	2	11
78	62	76
42	21	45
81	79	76
37	77	40
59	79	57
89	59	94
31	11	6
66	62	82
89	74	59
14	95	82
40	21	44
25	28	49
26	56	6
74	5	46
75	17	45
23	22	45
86	93	65
42	76	52
1	5	18
83	11	41
98	69	97
13	93	36
67	56	84
47	5	6
13	17	15
40	87	57
28	17	41
43	25	49
55	67	87
10	2	28
23	7	2
75	19	21
14	44	20
65	56	84
86	67	62
71	94	57
98	62	91
62	97	91
39	46	24
60	95	88
47	29	44
47	70	24
11	6	24
19	76	44
7	37	27
83	56	76
100	27	62
99	70	90
77	89	1
9	87	95
78	66	86
92	62	87
7	14	1
32	42	29
13	17	12
3	97	90
78	34	74
89	79	38
75	79	88
14	31	79
67	39	33
73	89	85
13	28	49
23	55	65
4	5	22
7	10	48
81	64	91
50	77	73
45	7	24
55	64	73
26	75	30
26	47	12
75	83	98
55	93	97
63	69	76
92	59	8
32	77	15
61	93	91
78	21	52
9	8	44
63	58	74
25	17	30
59	15	45
28	17	18
54	100	21
100	5	39
61	79	85
98	74	82
24	33	30
4	25	39
42	5	12
10	11	20
71	92	81
27	21	6
71	88	12
7	17	48
4	44	90
15	46	1
24	44	18
26	34	97
5	41	20
63	54	62
66	69	97
3	8	24
99	74	95
54	96	84
86	62	97
29	6	18
90	57	85
19	5	12
75	99	52
24	37	20
66	94	18
60	56	15
42	40	8
29	3	86
35	16	36
14	11	8
34	81	16
25	17	12
32	27	17
83	98	65
60	33	6
42	28	93
99	48	70
10	3	17
37	3	24
32	83	20
9	32	44
23	37	22
66	84	73
71	81	98
43	36	44
9	65	57
55	89	94
43	39	20
7	98	72
69	86	46
100	57	88
4	41	1
16	17	79
81	51	73
75	72	74
77	81	56
64	97	57
69	56	41
60	50	79
86	58	93
92	81	72
58	52	73
80	87	88
27	38	20
77	58	85
47	75	15
54	28	49
7	32	28
27	17	15
67	62	44
68	3	17
3	74	84
47	13	86
60	86	59
100	59	82
2	11	38
78	81	56
61	38	73
92	77	86
81	8	30
36	41	20
43	4	38
37	87	22
60	2	88
10	77	73
7	44	6
61	64	70
71	47	82
47	86	33
10	36	44
13	40	56
23	4	3
64	79	51
100	53	65
43	98	48
2	46	45
71	86	56
89	87	56
14	34	19
68	98	58
58	67	79
68	79	88
86	84	73
37	89	16
58	61	11
17	49	39
69	65	91
3	17	44
85	58	73
86	61	97
58	96	90
25	29	20
9	29	27
23	92	95
32	97	15
47	86	36
37	10	8
61	84	73
63	64	88
14	74	15
26	48	94
80	57	85
7	11	22
13	35	1
69	19	20
68	69	22
25	83	91
83	12	20
50	46	24
31	56	18
13	69	84
14	49	24
32	28	30
92	93	95
43	29	21
55	98	84
54	56	90
6	44	24
71	92	55
55	80	52
78	98	61
100	97	90
37	27	33
7	49	6
47	19	33
71	100	44
23	15	39
23	93	1
48	5	38
54	75	83
77	36	6
48	8	90
28	38	24
35	28	46
23	63	58
31	49	5
31	90	44
75	99	82
63	11	22
23	33	18
37	99	72
63	55	80
53	74	88
54	99	36
16	49	22
70	90	18
68	58	87
55	64	59
98	67	72
23	22	88
69	65	84
83	81	74
98	67	53
7	100	44
14	10	25
69	87	96
43	41	1
28	8	5
43	32	93
7	13	48
3	22	20
63	31	51
26	96	73
36	49	30
31	11	12
63	4	33
27	36	44
23	9	6
16	11	46
81	65	91
23	74	22
71	86	81
27	6	45
54	62	70
50	48	15
92	72	97
99	39	1
26	4	27
100	77	82
55	15	38
54	4	70
23	37	38
26	99	49
9	10	29
55	72	70
47	37	11
14	6	45
38	6	46
47	15	44
69	36	95
75	100	81
19	41	45
63	66	89
13	17	5
54	55	97
43	86	39
26	10	3
66	76	57
63	50	69
75	97	79
32	67	93
4	50	36
25	21	24
47	25	27
43	19	18
26	10	44
67	61	72
72	70	79
50	64	33
23	37	14
72	70	82
9	42	20
87	70	88
7	69	62
4	99	24
26	69	94
54	79	96
27	93	73
7	29	49
42	77	48
75	79	57
10	65	36
50	94	11
43	45	73
83	62	76
63	81	19
9	100	2
95	76	15
86	97	94
93	64	97
40	36	46
50	16	44
36	12	18
29	94	76
92	32	11
32	28	91
69	99	39
7	15	21
40	56	38
78	66	89
4	33	44
65	91	73
7	23	89
77	48	84
17	94	82
62	95	57
10	22	12
37	31	49
60	86	33
32	97	46
47	87	33
71	83	99
60	61	95
32	36	48
92	58	59
77	70	91
87	70	91
37	34	88
66	87	5
13	57	88
77	98	72
10	3	19
37	5	12
48	22	6
78	58	52
67	97	51
27	41	44
92	83	62
23	34	48
14	10	1
30	8	45
81	65	59
60	77	96
63	98	5
28	5	46
100	58	5
74	39	73
50	21	45
13	34	20
9	16	11
10	69	88
25	3	18
53	80	15
100	69	82
37	35	3
55	69	3
61	21	46
100	66	57
37	14	45
50	27	85
29	53	94
34	81	91
43	17	33
4	35	40
28	48	15
66	16	1
72	76	24
13	17	11
75	92	30
7	16	8
24	6	30
61	79	41
55	77	33
9	48	49
78	72	52
5	96	90
32	64	95
99	59	6
23	31	19
53	59	70
1	84	18
65	76	91
31	2	1
35	17	18
92	83	72
47	80	59
31	35	3
34	19	15
58	28	84
98	96	38
75	66	96
23	48	46
35	5	46
32	15	39
36	33	24
77	80	94
75	87	62
60	70	97
28	44	73
53	58	67
78	14	83
75	84	30
78	34	6
9	15	39
7	19	36
92	100	85
25	22	12
93	28	45
55	16	28
68	67	62
28	46	24
92	99	96
81	93	62
93	51	57
3	64	38
40	99	56
79	44	30
59	22	30
66	19	82
69	89	52
83	76	96
31	53	73
92	65	73
63	31	75
83	96	85
3	28	44
69	93	87
78	98	56
78	98	95
37	13	19
60	6	46
61	19	39
54	64	70
5	49	6
13	6	46
83	97	84
75	60	62
47	27	22
83	82	84
60	70	52
100	70	76
80	21	84
36	22	52
66	62	5
68	35	93
81	82	84
37	64	5
69	76	96
29	67	41
54	81	56
78	66	91
86	69	96
9	10	51
32	19	6
87	90	82
60	69	65
40	28	65
26	35	57
4	3	46
27	56	97
69	67	86
58	11	30
80	98	72
14	81	28
26	13	1
92	53	85
50	66	56
100	56	85
27	74	64
43	32	12
61	21	20
26	23	12
13	27	16
55	77	69
55	65	84
23	25	22
48	97	1
32	80	19
26	17	70
18	70	30
9	31	61
71	3	12
71	77	90
63	28	39
4	50	38
69	62	73
54	63	69
34	46	73
50	19	22
66	95	85
34	39	52
26	3	67
2	62	85
23	42	20
5	41	24
7	19	48
67	51	76
98	67	82
31	55	58
93	96	52
23	17	15
99	93	1
47	28	19
54	28	1
14	35	57
25	58	51
71	68	84
42	3	41
11	8	1
92	67	99
98	99	62
50	79	24
95	49	76
7	9	12
99	72	90
99	48	5
54	53	65
42	64	20
99	88	84
10	88	33
43	16	41
63	70	91
77	67	95
80	87	20
28	49	18
1	28	45
78	69	56
71	68	54
75	40	84
77	70	15
31	55	96
26	74	91
37	28	22
69	11	57
19	41	46
9	86	93
2	99	1
9	40	59
77	3	27
63	59	91
31	33	30
27	22	15
100	93	90
78	80	97
63	55	72
55	36	91
9	36	39
13	10	11
63	99	84
50	66	38
53	87	91
43	9	51
25	41	44
4	32	34
54	68	99
50	89	17
31	48	38
26	7	22
63	95	76
86	93	57
60	74	84
98	36	84
26	29	46
74	64	70
92	51	39
23	14	49
54	63	3
65	49	21
29	28	24
31	16	1
31	13	33
40	48	82
68	55	57
93	62	96
28	59	46
14	50	38
42	17	1
99	36	6
7	50	59
74	17	33
33	12	73
66	81	51
11	6	20
92	53	64
98	86	61
98	62	88
92	86	94
81	96	91
99	59	70
63	9	93
74	87	59
25	3	24
9	80	46
28	44	1
31	76	18
14	72	84
78	21	82
54	13	51
86	94	79
23	13	19
80	62	56
47	50	17
10	27	20
30	12	6
16	49	38
71	58	62
72	59	52
23	35	84
70	46	1
53	67	20
93	70	57
58	62	94
7	25	41
13	41	38
7	10	11
75	92	67
63	60	69
66	58	76
71	55	96
78	12	73
92	75	89
74	94	90
86	62	64
50	5	41
92	52	6
92	38	21
93	82	88
92	69	21
7	50	2
92	5	15
31	79	20
7	5	30
80	94	39
50	38	6
68	66	96
56	70	45
23	87	90
71	59	39
40	94	24
55	89	88
93	44	24
37	79	30
7	31	2
78	72	94
43	22	46
71	93	51
35	29	61
47	19	1
55	89	73
63	77	79
87	94	84
53	21	91
94	38	88
80	74	94
83	80	74
47	25	13
4	17	22
3	11	20
76	38	6
63	36	18
78	96	84
83	29	39
32	76	91
25	27	21
7	46	44
26	54	16
100	80	74
42	16	33
77	72	73
50	21	39
35	28	94
4	32	21
54	56	88
71	62	88
7	26	25
10	89	64
36	5	46
42	11	88
62	38	30
25	34	6
87	76	88
9	19	15
4	86	89
80	81	65
53	86	97
53	72	65
53	62	87
43	10	18
43	66	67
66	53	97
34	27	41
23	6	20
47	34	45
53	99	93
63	55	76
78	42	58
54	14	25
68	72	79
75	39	6
3	48	64
63	92	91
41	12	6
53	16	49
23	13	22
34	74	19
7	23	6
89	38	12
68	87	65
27	28	99
71	100	82
58	89	49
54	69	51
83	84	46
36	48	21
16	65	46
78	66	96
25	49	6
93	96	88
13	66	27
9	11	46
100	86	28
78	12	57
60	62	76
61	96	90
68	83	64
66	53	84
63	42	44
83	70	73
68	74	73
49	22	44
4	81	5
54	58	61
63	75	10
2	79	5
5	44	6
35	67	1
60	79	52
42	17	38
72	19	91
24	6	45
7	50	66
23	37	46
13	25	2
50	35	6
10	22	45
37	25	80
47	40	33
32	72	91
66	53	90
71	68	21
26	50	17
26	98	18
32	96	24
66	89	74
2	16	1
67	93	56
4	19	45
68	65	90
13	10	90
61	59	46
14	59	18
86	41	82
69	40	97
71	51	91
23	77	85
93	5	21
75	62	51
9	32	49
98	40	85
81	62	84
13	10	8
23	83	1
55	28	11
3	57	6
76	33	44
13	17	45
81	56	88
29	57	44
26	78	98
55	93	18
89	3	94
61	76	5
68	61	52
93	87	79
69	91	52
43	53	27
16	33	18
23	5	21
43	87	45
36	76	90
42	28	24
10	50	5
69	36	51
69	27	52
98	99	61
78	40	79
63	29	81
63	56	70
83	51	96
100	55	30
23	9	16
89	59	52
2	48	12
69	65	8
53	74	91
49	15	20
69	89	91
34	80	87
31	14	6
53	64	52
3	16	22
87	11	24
34	67	64
50	34	48
53	89	61
13	42	44
67	72	85
75	50	96
8	41	18
37	51	1
99	72	65
7	76	1
7	9	66
23	10	5
31	40	5
89	62	79
75	91	85
25	32	2
25	15	41
19	44	18
55	98	20
68	66	90
43	28	49
89	65	49
92	66	57
37	11	44
19	59	88
81	64	52
17	38	6
63	35	29
27	61	93
40	39	20
8	46	20
55	89	36
99	62	97
29	12	85
37	25	41
4	36	22
26	14	24
26	11	5
9	31	21
36	65	33
47	3	20
78	36	96
87	62	64
4	68	63
75	49	39
19	11	8
13	34	12
65	97	12
9	14	11
68	86	94
26	43	27
9	47	42
60	80	64
47	40	8
13	53	21
37	49	30
7	77	42
83	8	82
34	42	1
55	69	74
16	41	1
9	34	22
24	6	90
63	92	98
65	87	70
21	15	6
34	90	52
69	97	85
70	22	45
34	81	64
35	3	52
32	49	12
54	38	44
98	65	76
99	70	84
30	39	18
100	92	36
13	39	18
43	36	33
3	72	95
100	94	1
13	16	36
92	57	52
77	99	79
9	100	67
96	38	73
95	88	85
14	42	56
34	3	6
100	61	28
60	66	69
54	53	11
47	14	35
23	11	21
7	14	46
47	50	22
47	10	18
11	5	84
23	26	41
25	67	33
100	78	53
64	82	91
39	90	1
55	83	57
47	40	82
13	42	48
68	77	67
80	3	61
4	40	52
69	67	65
54	53	52
47	36	49
25	58	99
37	5	15
25	27	45
72	64	79
80	89	94
2	27	16
43	59	56
63	40	17
60	27	91
40	87	6
23	14	32
4	27	97
82	46	85
64	65	91
13	25	95
61	62	8
26	17	21
35	83	95
36	97	41
9	67	84
50	8	44
100	55	87
67	62	88
47	74	33
66	72	95
63	25	95
83	62	64
80	86	99
43	63	14
68	78	98
43	6	44
66	83	67
43	10	29
14	36	70
37	32	11
23	16	30
63	80	94
37	2	28
96	52	90
92	96	44
80	69	72
10	42	61
10	29	36
9	36	44
5	6	52
7	66	57
92	34	93
23	31	35
50	22	38
23	42	5
35	19	18
32	3	40
50	49	12
42	27	46
10	16	22
53	59	76
68	92	52
83	22	82
50	53	28
40	74	28
80	40	30
92	67	84
75	81	95
53	87	65
2	51	79
4	50	90
63	53	19
89	95	90
47	3	17
68	98	21
100	89	57
71	74	90
74	62	59
66	80	18
32	95	96
75	2	57
92	58	84
3	6	90
86	28	12
4	36	5
23	29	11
43	16	12
75	59	97
92	66	40
78	81	86
83	69	95
42	99	28
15	22	1
78	48	33
59	96	90
22	15	20
43	89	33
83	98	36
19	17	52
86	91	85
35	58	90
31	14	21
43	3	16
7	19	73
27	93	28
63	39	12
98	72	36
83	19	65
92	25	83
81	67	88
14	3	11
71	63	59
71	14	88
81	39	15
89	76	49
78	40	52
68	93	1
47	81	74
16	5	45
75	88	33
19	11	91
37	44	45
27	59	97
95	97	84
16	56	11
68	93	18
87	51	45
27	87	39
4	51	38
60	67	87
42	2	30
86	69	21
77	96	84
5	44	20
79	96	46
53	61	16
17	39	20
63	77	70
66	38	46
53	16	52
44	82	20
48	44	24
80	64	82
23	2	19
14	8	33
71	77	70
58	64	82
83	65	57
26	32	28
7	65	12
66	70	76
92	16	41
86	67	21
61	62	91
55	97	96
13	27	44
23	98	82
81	62	20
35	48	6
68	75	55
31	72	21
2	16	33
54	92	87
75	60	91
26	23	75
8	91	18
28	16	1
55	97	70
47	17	56
100	82	52
47	53	33
10	40	79
16	36	21
75	98	99
81	96	88
16	65	18
42	2	93
93	87	84
83	16	21
63	56	90
53	33	85
78	52	88
75	50	18
68	87	24
32	62	5
63	83	58
9	15	44
78	72	97
27	72	12
23	40	1
71	55	33
67	28	57
20	84	24
34	77	20
72	65	90
54	98	61
80	67	89
19	87	88
24	28	30
75	92	86
64	88	18
75	32	59
78	55	61
50	29	96
28	11	45
28	52	20
53	61	85
37	27	46
68	98	69
99	94	51
20	90	12
67	65	33
13	70	76
26	3	8
9	3	30
87	84	73
4	37	73
63	53	85
83	53	61
23	32	2
95	82	84
43	16	49
7	26	27
71	99	88
75	94	79
7	94	96
86	2	57
92	97	96
34	2	46
30	27	45
43	12	46
31	77	57
14	60	33
15	6	57
78	89	64
68	80	82
11	21	20
37	96	21
68	37	36
54	25	49
29	21	39
81	59	84
53	96	82
60	38	85
14	36	5
7	5	38
31	55	97
14	28	33
47	56	5
7	36	5
80	65	44
50	79	85
4	16	39
4	49	33
37	39	90
54	56	85
55	79	73
55	81	91
38	21	39
43	7	42
89	79	84
55	76	52
100	90	73
64	51	82
37	65	36
77	19	95
3	41	33
23	44	1
9	2	88
25	29	5
29	36	51
71	80	93
25	5	22
26	49	15
38	44	96
25	83	57
26	10	40
31	74	97
17	38	20
92	83	73
28	36	87
89	70	51
69	99	84
14	38	57
55	83	29
43	58	17
23	42	33
50	3	6
63	51	85
61	93	57
68	78	41
31	36	41
13	33	24
77	66	22
40	95	24
81	89	82
17	46	20
31	95	11
38	46	82
83	19	57
37	59	76
81	74	95
78	2	94
63	58	93
22	6	15
100	27	19
32	86	93
50	17	12
47	58	70
53	70	82
75	93	95
85	100	1
62	95	82
7	76	90
60	70	96
7	32	29
63	78	51
43	3	36
94	91	82
35	17	79
9	17	18
92	75	84
7	9	5
25	29	1
7	31	21
87	51	76
54	72	93
68	67	57
10	36	45
35	11	39
32	36	12
14	32	5
53	98	96
68	60	77
64	90	84
75	93	85
48	56	52
54	74	79
75	95	97
31	93	65
86	74	39
9	19	45
75	72	82
56	95	12
75	40	61
10	87	62
26	10	20
56	44	73
80	81	15
3	59	85
9	29	22
71	58	65
60	77	82
43	26	25
14	2	82
13	38	45
3	16	39
80	64	76
69	5	18
66	28	39
49	21	18
67	41	44
83	69	27
4	35	38
42	69	88
11	91	6
55	86	90
4	78	61
4	35	41
74	62	52
83	93	70
72	93	91
69	48	21
17	33	52
10	39	30
35	42	28
14	62	30
40	8	46
42	21	85
55	53	99
7	13	1
26	50	8
42	94	49
89	46	91
77	22	24
2	62	1
26	68	14
89	51	73
63	86	1
35	10	24
26	19	41
4	34	41
50	72	94
53	72	24
71	89	94
76	21	57
42	29	21
43	61	82
63	87	62
70	88	1
4	19	49
9	48	52
80	65	97
42	28	45
20	44	30
23	21	38
28	38	22
32	93	24
67	27	82
26	4	72
92	48	56
68	76	57
61	27	95
58	61	59
59	88	90
58	64	95
13	21	52
97	76	84
71	74	57
63	89	41
16	8	6
37	56	79
42	36	1
42	11	44
25	31	36
42	21	6
28	19	30
98	58	59
87	62	90
9	47	83
78	17	24
2	89	74
77	89	96
17	51	38
35	65	46
77	87	18
23	43	42
74	87	56
26	25	42
75	74	73
42	16	52
59	96	88
13	58	93
71	75	97
15	21	24
23	25	42
32	67	79
63	3	38
4	28	22
4	83	15
4	33	90
98	57	90
28	5	73
77	8	38
92	32	18
17	11	21
31	69	44
83	56	5
86	65	51
36	46	45
23	11	12
92	79	90
60	67	65
79	88	91
31	27	15
10	65	73
71	77	93
43	6	12
74	62	79
47	8	33
68	77	79
10	34	81
77	51	30
47	14	20
37	25	87
11	49	30
78	51	82
63	75	50
100	41	30
81	94	91
59	38	12
31	86	18
26	15	44
98	89	94
37	3	5
10	19	11
71	65	97
17	44	18
92	76	91
23	35	5
23	16	12
92	83	79
75	81	93
81	67	69
34	12	46
94	38	41
87	56	79
40	27	18
23	40	48
64	56	51
3	19	15
24	6	20
71	60	28
10	66	69
16	5	38
92	79	88
34	67	59
43	17	8
14	35	1
86	59	70
19	87	70
23	83	95
81	70	6
63	61	91
87	11	88
100	40	51
59	76	21
31	17	12
29	48	41
43	63	78
55	34	57
43	3	38
15	6	39
78	65	96
66	80	87
47	68	60
64	12	24
60	66	44
3	17	12
31	35	72
23	5	24
25	53	51
28	12	18
62	87	17
43	9	18
99	59	73
7	5	20
48	15	45
47	62	70
50	21	44
18	5	20
77	64	57
86	80	28
50	99	17
14	42	17
68	69	64
100	60	92
66	72	59
80	65	84
28	39	82
63	95	52
78	59	96
20	91	52
71	84	91
54	32	74
81	62	91
99	62	79
75	28	5
32	87	88
58	51	24
42	58	94
10	16	41
69	98	65
26	83	81
53	80	39
53	65	30
23	74	90
77	96	57
10	32	48
9	14	27
66	87	95
63	75	61
23	2	95
13	77	39
54	98	90
50	8	73
62	52	82
70	76	91
10	99	16
9	13	78
70	52	57
32	10	45
89	99	65
23	40	95
77	59	96
50	21	15
9	99	90
31	14	24
16	6	30
63	58	85
85	65	73
55	58	15
43	75	14
17	94	76
85	79	45
92	53	97
4	10	33
9	25	36
7	21	30
20	49	1
10	89	24
26	19	44
98	79	96
9	89	97
25	75	2
40	61	1
3	17	46
77	48	45
50	93	11
93	36	38
71	27	56
14	97	73
100	83	87
2	84	33
75	56	46
32	27	44
34	19	20
40	21	18
17	76	18
25	13	38
78	79	73
40	16	45
54	19	64
37	83	40
40	62	8
31	25	11
50	19	8
53	61	74
27	97	5
35	3	49
2	27	46
2	51	12
60	15	1
83	58	65
89	94	11
7	48	24
49	41	45
4	34	40
34	74	59
75	70	21
80	17	33
35	80	84
7	25	94
69	72	93
54	75	97
71	10	88
77	93	24
89	27	57
71	7	50
54	81	93
86	22	39
75	67	93
93	70	94
37	34	44
56	76	52
38	46	90
19	46	30
23	4	40
43	23	22
78	75	69
53	70	6
16	44	1
37	100	86
58	74	70
53	40	6
14	17	22
69	70	49
75	99	12
47	78	86
96	91	84
66	2	24
9	47	61
95	70	12
27	19	56
27	19	57
13	10	44
83	98	77
66	77	95
31	2	85
40	27	82
29	15	85
7	11	88
68	81	64
26	31	40
26	41	24
21	46	18
49	22	6
83	53	87
16	59	94
87	59	94
77	87	45
37	13	18
47	25	37
92	70	52
17	51	96
68	100	97
63	83	89
9	75	77
47	28	8
31	3	44
83	67	51
53	12	85
4	15	6
72	33	73
92	67	93
14	52	84
16	59	33
10	76	6
23	36	11
55	77	59
63	82	91
60	96	44
63	81	51
55	36	64
77	82	90
14	49	44
28	22	24
53	95	11
98	58	72
67	99	65
31	78	73
26	53	85
47	34	44
8	96	20
71	67	11
68	34	98
43	78	98
78	70	79
77	89	74
2	57	24
37	25	13
66	22	84
71	81	70
23	49	41
66	36	18
30	5	18
75	31	29
81	44	85
13	16	76
50	19	33
40	36	44
100	87	95
7	31	77
29	6	20
68	93	45
65	97	15
37	12	1
14	10	45
68	2	89
98	94	52
75	60	46
2	62	5
31	49	21
7	40	21
4	42	27
34	22	18
61	93	90
54	66	81
23	57	90
55	32	94
37	21	22
47	27	73
40	48	12
64	56	85
54	55	58
75	79	85
75	81	97
43	9	19
100	31	44
63	67	56
7	36	21
32	10	8
50	29	33
81	58	53
68	77	96
54	63	91
32	29	16
37	50	8
8	52	82
7	43	44
3	72	20
40	38	12
3	79	22
100	96	90
63	56	46
70	5	30
65	76	57
69	74	94
78	58	82
23	82	84
92	50	87
74	94	85
28	96	88
25	15	6
60	69	74
77	88	82
100	72	62
68	61	90
37	13	33
48	36	22
43	2	17
26	47	19
31	77	64
34	11	5
9	56	30
75	6	20
100	83	70
55	88	33
35	34	28
63	100	89
50	65	94
32	11	51
69	65	59
76	96	88
86	19	96
92	10	28
54	94	33
23	95	46
77	53	36
66	58	85
89	65	96
69	70	91
39	46	45
100	75	89
4	14	8
23	26	20
54	63	83
61	44	52
37	49	8
60	74	6
50	19	5
32	27	12
71	28	59
48	46	84
7	14	13
89	19	48
47	14	16
28	11	1
63	67	99
41	84	82
5	41	6
98	93	91
29	19	45
47	31	29
99	94	90
94	91	73
68	72	88
35	27	15
17	22	20
29	36	15
7	42	48
58	95	57
29	22	12
66	64	65
35	5	90
8	22	84
64	39	33
68	98	64
23	7	15
14	27	16
47	37	77
80	86	94
78	94	91
35	81	11
69	99	65
10	77	90
69	56	94
71	63	99
74	91	85
18	35	24
43	25	28
43	27	38
28	33	45
93	44	73
99	93	88
83	77	82
37	17	49
66	59	51
43	19	76
71	60	70
81	41	44
40	8	88
68	56	76
29	21	44
9	8	57
98	58	96
3	65	44
98	99	74
75	87	73
78	81	85
66	53	93
73	21	18
9	11	18
32	27	20
35	17	6
70	90	82
99	65	88
31	38	12
67	61	76
32	38	90
63	62	96
75	49	20
54	34	56
65	97	96
60	53	91
50	34	3
54	50	48
37	63	74
50	74	73
67	72	84
81	74	8
74	65	84
4	42	49
86	93	97
63	95	88
71	55	59
25	66	87
55	38	46
34	41	96
7	15	1
75	55	82
10	12	24
47	14	48
38	33	20
5	38	24
27	91	88
43	55	84
54	22	30
26	4	14
25	5	46
75	39	46
42	8	22
89	61	94
77	79	91
54	69	84
26	42	38
97	88	73
35	48	82
42	97	6
83	19	76
63	78	81
40	58	39
100	60	12
37	51	20
27	61	8
98	56	12
13	77	36
2	16	45
77	86	90
95	51	84
4	92	78
13	8	46
37	47	10
71	50	41
30	46	18
92	35	93
68	83	99
68	74	82
13	10	18
25	32	15
92	56	90
9	97	22
47	50	49
43	34	29
23	47	40
75	55	62
27	48	18
66	67	88
48	56	44
2	3	22
31	40	82
61	48	24
16	36	56
66	98	24
53	51	6
30	90	52
99	48	6
97	79	57
26	32	24
67	72	95
9	25	66
14	10	44
26	99	88
60	77	88
9	93	6
13	8	24
63	70	6
4	81	12
19	87	94
13	40	11
4	40	16
60	83	66
68	83	53
16	21	1
60	81	82
100	80	28
4	81	87
80	61	93
62	76	30
7	13	22
10	40	48
89	97	52
22	15	18
4	40	8
50	40	27
3	94	1
80	98	87
31	42	28
50	40	39
7	31	44
77	59	5
10	98	20
53	98	95
80	19	44
2	17	21
61	12	24
67	88	84
28	65	88
37	5	41
100	99	39
3	58	38
14	19	15
89	56	39
89	59	46
83	97	91
68	53	95
100	96	33
100	83	99
34	99	33
32	95	76
23	2	11
47	79	38
19	97	41
13	91	20
14	2	17
43	25	90
67	61	93
34	53	36
5	15	33
58	87	94
34	46	18
83	21	30
7	37	38
23	42	21
75	53	97
71	100	51
69	61	62
10	93	48
55	99	52
77	87	90
58	67	90
37	21	24
71	70	79
31	25	88
42	74	27
4	37	22
43	25	44
71	100	89
89	64	76
7	71	30
4	63	5
55	65	51
7	50	38
43	59	88
10	11	5
7	71	52
78	70	44
63	92	81
13	34	3
75	65	96
83	11	15
43	9	8
93	87	64
13	27	12
19	17	56
93	62	57
69	53	98
23	47	30
31	25	97
78	52	24
31	42	94
5	38	33
54	93	87
26	48	20
25	32	48
7	9	1
47	68	40
68	86	73
74	8	44
71	55	56
14	59	84
92	86	69
69	57	45
46	82	6
66	21	38
80	89	85
63	80	65
92	75	100
10	16	91
9	98	74
72	48	46
59	90	84
28	70	12
9	36	24
58	70	24
32	36	30
28	39	33
43	49	21
27	11	1
25	11	33
75	55	93
63	16	96
58	61	91
8	22	24
26	81	89
67	27	16
78	98	85
7	68	42
17	8	33
32	46	12
63	61	76
58	17	11
9	55	27
22	41	44
19	15	41
67	28	24
14	29	12
13	31	53
54	75	63
29	69	61
22	41	30
26	9	41
25	78	67
15	12	45
71	56	85
23	78	99
10	83	89
56	12	82
17	11	38
89	59	79
69	94	85
2	17	38
92	100	74
13	50	31
72	56	91
83	69	94
3	17	6
54	83	62
13	21	1
50	15	12
83	89	73
47	8	30
61	90	88
81	59	52
63	27	76
23	28	6
77	3	74
75	55	77
71	17	59
83	97	73
27	16	12
14	79	18
37	16	30
9	35	49
53	72	64
14	22	1
66	94	76
55	83	79
36	70	79
40	44	45
53	95	57
43	50	41
70	97	57
71	64	49
100	65	21
74	96	44
78	62	5
54	64	96
86	15	6
53	64	87
48	46	1
54	67	20
32	2	52
10	98	45
38	90	24
23	15	20
92	60	45
63	53	94
7	35	41
26	5	33
9	21	46
26	9	30
29	22	73
54	94	1
2	40	20
71	63	73
54	69	85
13	64	48
7	29	22
54	74	56
4	10	52
99	56	76
54	84	18
32	11	49
37	61	59
4	34	12
81	86	52
60	74	87
2	17	11
31	15	44
37	36	5
72	56	82
20	49	18
14	60	21
9	58	76
13	55	80
47	28	36
71	63	69
42	21	46
26	12	30
42	22	46
66	95	76
98	65	91
29	36	38
86	99	97
60	33	12
4	40	49
75	56	33
26	2	36
100	93	65
72	62	33
83	98	89
25	42	20
63	52	57
43	41	90
13	48	8
10	56	76
77	80	39
26	37	30
7	89	97
83	65	73
60	77	58
25	59	79
81	88	52
78	93	87
55	27	84
83	81	88
78	62	79
13	50	15
14	61	28
31	49	45
16	51	15
88	90	52
14	3	44
61	62	95
45	13	30
81	62	95
32	99	93
80	59	79
68	97	73
94	88	73
89	12	20
37	3	79
76	84	82
78	5	21
9	46	18
31	14	16
7	6	12
81	72	44
40	44	46
17	95	57
10	8	41
61	93	16
78	58	49
67	79	73
34	95	94
66	98	93
19	46	33
43	32	20
32	17	33
18	50	85
100	55	85
58	70	85
60	95	94
7	89	17
86	19	38
43	27	30
92	95	70
100	32	58
35	3	44
23	50	33
29	28	48
10	12	20
14	27	11
2	40	24
35	53	3
66	16	84
68	53	6
60	83	99
47	55	69
13	28	8
29	22	38
47	82	91
47	11	22
81	65	52
58	89	79
54	4	15
80	72	82
76	46	1
26	62	39
14	31	77
100	16	96
50	35	84
78	3	94
21	96	30
7	12	30
74	19	70
9	50	33
79	46	88
68	78	77
67	6	12
71	31	91
55	42	66
7	99	64
25	12	6
100	53	62
92	75	44
42	2	28
55	90	88
42	16	20
99	94	76
13	60	36
40	28	5
77	97	84
68	72	90
71	54	96
63	66	70
99	97	90
63	42	70
89	8	21
43	34	62
25	72	45
50	42	19
43	94	39
60	57	91
78	66	28
43	65	5
99	95	85
42	36	46
35	28	8
71	89	30
2	41	24
7	38	21
92	74	90
14	87	56
25	32	44
68	92	96
2	80	46
15	46	12
35	10	94
37	57	46
71	68	100
26	54	67
63	53	89
81	97	15
9	22	46
26	89	87
50	46	44
47	27	18
7	29	52
77	48	38
26	50	5
31	39	41
28	11	88
67	89	79
78	34	87
5	49	91
100	90	30
9	3	45
9	35	79
98	61	62
53	27	16
43	44	30
66	98	58
6	33	88
7	57	88
80	38	91
66	76	91
53	95	91
61	41	18
69	67	82
29	48	95
37	25	8
68	100	92
79	90	85
22	12	33
32	16	1
99	51	57
26	35	50
94	79	57
37	42	24
86	8	18
54	92	89
100	66	88
100	40	46
23	42	48
40	12	6
7	25	16
61	56	73
63	69	62
68	78	60
43	63	2
37	79	52
13	15	1
35	66	27
20	83	30
27	91	84
3	58	52
74	64	51
92	28	18
93	87	88
30	57	24
50	94	6
7	23	1
45	14	30
100	82	73
13	58	89
63	65	73
26	47	17
78	72	22
54	75	70
19	48	15
9	68	87
98	40	16
29	8	88
93	84	20
4	34	39
43	42	44
69	70	88
14	49	12
55	53	84
23	9	24
71	86	40
78	88	90
49	39	22
14	35	6
63	40	18
67	93	95
31	25	69
25	80	21
32	19	44
92	50	32
74	79	84
83	97	82
68	65	97
25	42	41
26	5	38
7	97	51
92	42	88
40	41	44
28	41	82
54	100	40
55	83	56
81	76	39
23	8	6
55	89	61
63	78	90
17	6	30
31	3	36
67	49	52
41	22	24
17	39	96
37	9	16
75	95	57
63	95	33
86	87	76
3	17	41
68	82	85
28	64	33
67	21	73
63	64	46
41	33	30
17	11	49
100	80	90
69	87	76
10	8	88
13	48	17
7	68	95
99	48	39
16	65	93
36	49	21
83	15	85
78	22	52
68	31	8
71	9	69
40	48	11
7	48	62
9	66	52
72	74	51
2	95	73
37	2	46
38	41	12
31	5	18
23	43	18
54	37	70
27	17	30
40	16	18
9	68	81
100	53	38
52	82	46
71	100	52
34	46	24
34	36	15
53	67	90
54	83	73
63	56	88
2	8	6
25	69	28
47	2	5
35	36	5
23	9	1
35	99	59
29	81	22
31	80	11
25	34	21
78	64	79
86	99	94
13	8	12
17	6	18
66	8	12
29	17	30
50	39	41
4	41	12
37	8	44
94	44	18
42	6	20
58	91	85
23	47	27
98	70	88
23	31	88
29	65	62
75	100	57
74	99	46
54	97	82
4	14	21
28	41	6
7	40	39
47	5	90
71	27	94
66	29	56
34	84	30
42	89	85
93	36	15
32	5	18
75	99	84
2	94	46
14	15	33
68	77	64
75	77	58
69	74	93
34	11	21
16	6	18
75	52	82
2	72	22
7	35	48
25	38	20
51	57	90
99	79	44
40	5	21
80	33	30
14	27	33
2	61	97
47	9	20
71	44	1
25	8	96
10	40	5
47	34	39
1	71	30
68	67	97
66	95	97
47	14	79
93	91	20
92	70	97
10	27	17
71	79	91
92	83	98
54	72	57
69	67	91
67	56	51
68	74	20
31	27	17
35	6	18
54	55	90
14	16	46
47	32	76
23	67	48
25	58	8
71	78	66
75	96	90
63	69	40
23	74	61
47	16	5
60	67	59
31	58	38
77	64	73
64	59	95
26	36	11
43	16	17
54	60	76
25	32	86
26	92	44
4	97	11
4	61	48
27	46	20
54	88	91
92	25	64
50	80	79
78	53	99
63	95	97
55	58	70
7	48	8
77	53	66
43	100	50
47	60	15
35	64	41
43	9	60
7	38	1
32	40	38
17	36	20
4	56	33
86	65	90
69	86	6
25	19	6
63	81	40
14	25	57
54	65	51
27	36	18
71	100	85
9	38	73
54	81	99
26	47	45
69	93	51
45	5	18
81	44	6
9	27	45
23	9	35
29	3	44
21	44	45
60	96	84
67	27	45
27	94	12
3	62	12
7	10	44
36	21	45
29	48	46
53	86	57
10	11	30
100	74	61
53	52	85
92	67	5
71	68	60
25	42	3
69	93	96
77	64	96
7	34	49
81	94	90
92	67	96
67	93	85
63	98	99
75	79	49
98	28	59
86	74	65
60	66	1
93	38	44
27	49	44
60	74	97
26	23	22
19	22	44
58	72	51
95	49	38
75	99	90
23	49	24
5	21	38
75	17	41
71	100	66
10	57	1
67	70	6
13	2	99
63	89	99
34	2	36
14	32	11
25	100	91
83	72	94
50	39	20
66	69	91
13	11	44
3	74	6
50	10	11
10	5	21
50	32	27
71	89	52
37	28	20
9	27	41
68	92	69
40	38	90
60	57	90
78	32	79
23	46	1
42	40	44
98	67	64
8	41	84
78	59	21
83	93	91
50	27	79
66	53	76
31	46	30
71	58	84
74	95	94
31	35	30
81	99	16
7	37	15
27	5	6
53	12	45
26	7	10
99	70	8
4	29	94
81	16	91
99	95	38
42	29	38
77	57	73
63	69	95
14	36	39
54	95	79
75	86	89
61	96	73
2	40	52
34	8	18
68	75	96
79	33	91
55	86	96
16	76	44
54	93	85
7	29	41
35	72	24
2	72	91
66	97	73
71	75	85
89	59	21
42	67	51
100	28	70
99	65	70
42	2	19
47	46	24
92	97	52
24	93	30
31	11	1
66	64	90
63	28	48
55	46	33
43	84	24
25	77	74
47	10	28
87	48	85
92	77	89
64	96	88
75	58	64
40	84	1
23	16	33
58	72	65
93	16	51
48	5	44
83	65	64
13	2	15
86	98	73
54	31	13
7	14	72
71	66	64
77	49	39
8	96	85
26	27	36
42	11	6
92	97	51
37	49	52
100	60	80
92	28	38
92	80	91
65	56	70
7	25	36
9	32	15
75	19	59
92	59	44
14	10	33
86	67	70
92	98	61
47	42	24
43	47	15
4	37	11
27	59	84
25	97	57
36	97	52
14	97	33
16	5	20
74	28	41
86	56	91
21	6	1
71	67	88
63	56	84
55	57	85
100	59	84
9	16	21
37	4	46
86	62	96
36	12	84
3	16	33
77	99	73
50	89	91
16	48	45
100	55	19
78	89	19
10	33	45
13	35	67
37	48	41
26	98	24
26	32	30
63	55	90
23	48	45
7	10	15
3	95	5
10	83	5
31	14	12
63	87	76
50	27	6
56	41	30
10	77	87
60	69	67
32	49	22
17	5	24
53	72	21
77	76	6
32	59	11
13	87	30
71	66	93
29	70	45
14	17	21
13	5	76
35	67	28
32	3	51
71	72	97
7	36	38
61	65	79
77	62	59
43	28	8
54	80	89
83	65	91
54	32	79
63	68	16
35	28	38
69	74	41
60	42	93
2	69	59
35	40	19
78	99	87
16	44	18
71	5	91
54	55	77
37	21	39
55	2	3
38	39	15
53	67	93
37	8	22
55	72	82
92	81	96
50	19	1
68	64	65
77	99	85
14	67	17
71	77	83
55	56	88
55	83	80
69	19	95
37	13	6
40	76	57
23	32	61
13	5	41
14	3	17
69	38	45
53	86	69
16	49	21
60	3	82
19	46	6
60	16	51
69	58	88
43	47	69
31	2	65
43	4	95
64	94	1
37	4	60
78	28	51
68	91	88
98	84	90
26	31	13
78	53	51
54	29	96
71	64	88
55	67	61
7	77	65
34	17	20
100	56	73
27	70	97
29	19	46
85	13	30
65	59	70
98	86	94
33	84	82
28	8	18
69	97	44
4	5	38
86	93	38
92	66	70
81	93	82
83	95	90
61	96	24
43	23	38
47	13	46
99	95	82
28	39	12
59	41	30
55	42	33
63	89	65
63	92	79
26	4	31
31	3	30
83	99	79
10	16	11
99	74	79
69	89	64
9	14	44
63	16	79
68	50	30
31	42	12
71	60	66
23	29	12
29	49	44
14	34	41
26	37	25
48	51	44
92	98	95
47	9	19
81	89	62
4	14	93
71	60	55
43	7	10
59	94	90
83	62	94
63	83	94
80	95	73
26	3	27
100	61	90
32	67	3
76	90	73
54	92	52
23	60	29
71	68	49
99	93	85
54	66	58
89	28	15
71	58	88
59	94	73
48	5	6
83	86	56
86	19	59
7	29	36
9	34	5
48	49	44
100	81	97
75	60	79
26	42	11
14	34	40
71	92	87
68	70	76
80	64	85
72	64	88
4	42	1
69	81	65
54	77	79
58	64	94
80	69	65
68	54	86
19	17	33
19	79	88
92	69	19
7	61	97
80	11	18
23	74	18
48	38	12
69	40	56
72	27	49
14	2	22
50	29	49
7	32	3
37	2	85
10	34	80
100	87	51
32	44	24
92	59	49
60	67	95
65	91	85
39	33	20
92	55	62
2	22	1
28	64	46
97	79	41
75	36	76
2	58	93
47	58	93
75	58	94
93	48	33
65	70	84
78	77	65
37	21	33
30	37	20
9	36	33
100	77	85
15	41	46
54	79	52
58	17	5
26	4	3
23	75	32
58	33	84
35	98	94
63	53	56
75	59	22
54	77	93
34	49	15
98	51	73
27	8	33
43	3	1
89	84	73
67	94	57
47	80	51
2	95	76
10	50	40
55	53	87
55	93	64
47	69	93
13	72	8
37	57	1
19	6	30
93	95	90
63	46	91
25	29	19
7	50	40
98	64	96
29	49	30
93	52	73
43	10	12
54	78	89
63	61	97
86	67	90
54	37	17
50	27	41
86	41	96
60	32	61
94	33	90
25	34	24
10	40	20
37	31	35
34	95	85
35	36	22
63	10	33
92	58	36
13	62	11
59	21	15
42	33	45
26	43	40
80	62	90
47	51	24
66	17	64
89	11	49
54	35	66
3	15	33
34	42	65
75	42	15
53	98	48
71	55	66
100	83	84
25	17	97
42	40	1
77	58	76
89	72	76
47	36	45
54	67	91
40	17	38
14	5	45
74	56	94
34	11	49
31	50	46
23	7	43
68	77	85
81	95	57
78	40	49
43	38	6
68	100	86
78	32	84
68	54	53
54	87	88
100	83	77
98	62	56
31	29	16
68	98	73
26	22	39
50	42	39
61	52	1
23	40	12
73	52	85
71	78	62
10	5	49
19	21	1
76	51	91
32	16	73
50	6	44
60	83	62
43	25	19
42	61	12
43	60	51
63	99	97
58	99	62
3	49	57
77	62	1
72	62	46
56	96	15
54	25	32
40	49	30
4	2	49
100	80	61
54	48	64
7	4	27
26	5	1
78	98	86
7	35	21
9	4	36
68	77	89
42	86	2
14	42	36
54	68	6
60	98	89
61	62	90
68	65	56
75	55	59
55	86	93
1	35	20
95	70	82
94	79	38
82	84	90
86	29	91
19	16	85
23	31	34
50	34	41
89	64	79
7	4	2
80	81	90
100	35	90
47	10	16
9	15	85
71	83	46
54	11	82
66	84	91
29	17	33
32	28	38
56	82	85
19	36	45
7	47	96
9	36	57
60	32	53
42	16	18
34	17	15
23	68	58
69	93	30
43	14	28
80	87	85
48	59	57
47	3	11
26	83	1
80	95	59
37	15	6
25	2	45
25	32	38
78	86	99
55	86	97
61	91	73
98	89	74
42	3	36
2	90	45
55	98	3
43	64	46
100	60	55
69	11	51
35	40	93
55	61	57
9	42	70
42	28	18
13	17	57
7	50	18
7	11	15
36	46	82
55	51	91
30	75	1
71	65	70
57	46	85
75	64	79
100	28	52
42	27	21
13	81	64
9	40	99
47	25	2
75	65	73
42	61	18
58	41	22
77	81	85
67	61	45
47	39	15
26	80	84
26	48	11
78	77	79
93	62	59
54	97	12
14	8	44
26	4	20
4	11	45
56	94	96
86	91	90
68	64	94
43	40	11
4	48	33
53	95	88
79	57	85
72	62	91
47	48	38
47	46	12
26	2	5
7	13	11
100	64	94
69	40	38
29	72	91
14	31	22
56	84	85
66	58	84
53	72	18
74	51	90
54	78	64
86	93	85
29	49	6
72	5	6
73	33	24
75	34	2
14	48	15
58	76	57
2	6	24
71	34	73
89	76	91
75	74	52
4	56	97
98	46	6
47	40	5
13	28	17
57	82	88
24	46	73
32	99	12
33	46	6
58	87	64
71	58	89
27	28	65
54	77	80
9	48	6
4	31	49
43	4	42
23	35	34
26	72	59
13	11	39
99	87	52
78	67	61
37	60	55
31	69	61
71	80	82
96	82	21
21	12	33
29	51	33
4	50	99
71	6	84
71	68	93
87	65	88
54	77	76
7	21	12
23	28	49
35	16	1
75	56	97
5	15	22
71	92	82
53	56	88
26	25	38
7	35	3
38	12	24
83	87	56
4	35	51
50	22	46
72	59	45
80	58	91
13	80	30
60	55	40
77	66	88
50	3	49
89	56	85
83	96	90
66	19	39
63	50	93
26	79	38
13	67	57
71	98	70
4	5	21
4	39	18
32	2	12
26	8	44
66	76	49
43	60	46
92	79	51
10	2	49
7	4	31
47	49	24
86	52	73
64	11	85
83	72	57
43	4	36
9	41	20
1	34	45
99	88	85
42	97	79
43	31	49
93	5	30
27	28	8
71	55	89
63	68	77
55	93	84
40	74	90
59	95	82
66	33	91
42	53	51
34	61	97
100	64	21
10	21	1
98	57	20
11	15	41
98	3	56
13	70	30
64	76	91
68	80	65
40	19	8
61	11	8
72	17	94
61	59	70
7	50	62
31	42	1
2	29	18
30	13	20
14	41	52
71	62	90
35	44	18
13	3	45
100	81	74
74	65	85
41	6	90
61	93	56
55	95	91
79	44	20
7	36	8
35	2	94
86	61	44
13	17	6
68	34	18
35	50	59
55	86	87
29	41	18
37	29	5
54	95	90
98	90	88
9	83	86
16	17	39
34	81	95
17	41	12
68	78	91
54	32	70
62	84	85
68	92	99
89	58	91
19	95	6
25	48	44
71	92	83
55	59	20
37	98	79
26	58	87
100	77	87
99	38	85
24	34	18
89	3	73
80	96	90
75	95	24
60	83	64
100	42	76
93	62	65
9	98	28
50	27	62
75	66	99
77	69	73
32	5	46
81	74	39
42	16	6
34	94	45
17	79	18
75	98	91
26	51	22
67	74	95
80	58	96
31	49	20
47	28	62
75	66	59
83	96	73
56	96	88
26	23	2
43	25	45
70	88	30
83	87	94
68	100	70
32	36	44
50	29	41
37	19	64
68	84	90
37	81	12
64	87	57
72	93	85
23	35	99
26	65	62
53	41	6
68	67	96
81	97	96
59	91	85
89	59	84
11	52	45
78	86	51
10	35	16
23	80	36
3	17	49
60	83	48
75	77	18
92	59	18
43	9	13
10	2	18
35	2	41
37	3	15
42	27	11
7	41	91
9	17	15
79	88	45
78	56	70
86	70	33
47	34	24
20	38	85
41	12	30
47	25	39
69	61	65
68	25	92
94	88	85
43	29	65
9	28	49
47	8	18
47	59	70
60	96	82
3	65	84
60	90	84
55	87	57
37	11	22
59	95	90
81	58	97
5	33	24
89	99	52
100	77	86
100	86	64
78	98	80
71	56	82
39	46	33
47	3	38
43	8	39
14	35	36
81	91	90
68	84	52
10	21	44
34	28	5
43	25	84
53	64	18
28	56	30
83	34	6
38	21	18
80	82	84
77	99	15
10	34	11
25	67	39
7	13	12
50	35	79
71	10	52
35	16	49
29	17	48
23	11	45
9	19	39
69	93	97
60	41	12
47	66	8
13	2	45
11	44	18
63	74	76
25	31	1
39	22	15
7	23	33
22	38	18
43	29	30
53	93	56
100	42	45
19	33	30
29	41	90
75	89	19
26	68	77
26	7	36
63	98	15
47	4	18
86	98	18
67	87	82
98	74	93
13	2	48
55	72	64
98	3	91
69	79	21
23	48	30
16	56	57
98	89	33
69	40	98
54	78	58
37	10	60
55	74	76
86	51	85
81	98	56
13	67	56
4	10	15
23	58	79
2	36	45
35	66	80
16	93	1
37	34	11
53	67	95
80	36	59
25	16	21
26	62	90
83	86	76
60	81	61
92	98	62
100	74	87
72	84	91
37	50	34
58	27	38
87	94	51
67	93	76
43	9	41
77	97	85
3	44	6
66	19	95
9	2	1
64	44	30
69	94	33
60	35	84
43	16	1
2	40	33
42	29	46
32	19	48
71	54	53
94	79	82
4	6	24
27	64	20
66	41	84
74	38	85
7	69	49
100	42	66
47	74	16
63	51	96
74	88	90
66	53	94
95	22	90
72	51	79
68	54	75
4	47	48
43	86	48
63	15	38
19	5	84
61	96	84
14	32	39
40	44	20
65	70	90
87	51	52
40	99	91
69	94	49
7	50	46
13	40	27
54	29	82
4	40	61
14	25	99
5	38	15
83	48	59
77	27	90
83	76	5
29	41	45
23	47	45
40	74	85
9	25	31
32	44	12
4	27	33
93	87	62
53	67	8
83	99	28
93	62	76
2	8	21
2	48	21
77	53	52
16	5	84
100	99	65
98	36	30
77	81	18
55	39	18
4	19	21
30	31	24
3	8	88
55	62	76
47	2	28
70	79	5
54	86	64
56	5	88
19	36	18
78	64	94
77	62	57
14	67	48
92	19	95
89	93	82
55	86	85
98	58	90
67	72	64
78	65	73
26	27	33
68	56	49
71	86	19
10	27	48
32	15	30
75	32	1
60	93	52
50	32	20
100	94	41
25	27	17
71	83	33
100	67	95
32	86	11
74	15	45
89	65	97
31	41	46
13	14	41
15	12	52
43	78	62
56	97	52
31	17	22
34	42	16
63	28	24
10	51	18
25	27	82
43	55	24
43	7	45
42	81	51
63	36	44
69	21	45
37	32	17
75	99	64
28	41	44
27	93	84
17	21	1
75	72	59
2	61	94
75	40	1
34	3	18
9	4	2
55	42	91
4	25	49
11	38	18
37	42	40
4	13	42
34	8	20
72	62	97
13	77	94
4	78	48
47	8	22
26	35	34
59	5	12
68	89	5
54	42	97
29	2	6
19	22	18
77	89	84
48	49	52
27	21	84
4	50	46
25	29	38
83	94	33
100	27	20
71	65	96
71	66	53
35	86	61
31	88	84
68	27	44
29	98	57
89	74	65
43	23	99
31	59	18
9	27	21
37	12	24
32	99	76
25	17	38
55	53	59
16	48	33
14	34	27
97	46	24
55	58	22
36	91	90
81	79	44
17	39	1
9	29	1
36	56	96
99	51	79
35	72	82
81	61	97
80	76	73
47	76	20
9	74	20
36	59	96
54	94	76
95	44	18
32	35	21
78	15	24
97	41	57
31	17	24
14	87	45
9	41	24
7	98	95
63	95	6
10	65	11
31	40	15
98	89	73
31	40	12
92	58	82
99	82	73
37	48	12
69	93	90
7	92	80
87	95	51
60	74	21
25	32	18
54	60	80
92	72	73
80	62	21
43	36	22
4	21	44
71	99	97
28	5	30
83	94	82
26	27	19
100	76	79
26	27	8
78	80	74
31	27	38
100	76	21
26	5	30
40	3	44
54	61	65
34	27	48
50	39	57
98	89	65
62	76	84
65	70	24
78	50	67
67	76	52
26	50	15
86	76	84
92	25	95
40	48	1
31	3	40
81	56	22
37	9	41
83	53	64
71	55	84
65	11	73
78	50	79
67	17	73
65	90	88
100	99	79
31	16	41
32	96	22
98	64	76
100	60	51
32	42	91
86	2	59
60	81	57
97	15	44
7	3	15
71	55	77
31	36	22
95	49	24
77	86	84
64	76	51
31	42	44
62	79	52
75	60	57
64	52	91
20	10	24
68	81	90
86	67	64
7	37	32
11	96	90
7	4	6
35	5	73
31	35	41
68	67	56
3	19	45
31	75	70
42	2	65
61	74	17
42	80	19
35	53	8
94	96	24
32	81	56
63	31	70
34	29	99
40	5	18
78	60	86
4	19	15
25	48	41
68	12	1
8	22	44
36	49	44
13	86	89
66	98	49
35	95	88
7	52	18
100	25	33
64	90	30
95	96	88
43	94	21
24	33	20
53	93	87
80	15	39
32	3	28
31	13	12
10	17	30
98	61	94
3	16	85
9	5	30
9	32	1
37	32	30
43	29	41
60	93	87
71	86	80
78	100	61
7	32	46
37	29	40
2	98	41
63	54	76
2	11	20
83	53	94
19	8	96
32	80	96
34	17	22
83	66	52
37	25	76
26	50	1
4	92	27
23	42	94
23	92	11
23	41	45
4	25	20
34	40	15
42	28	46
65	33	73
47	28	46
59	88	73
61	72	62
50	39	46
77	53	59
10	28	64
1	97	45
3	48	73
68	77	93
4	17	8
10	40	44
78	82	6
69	98	80
13	61	16
77	79	88
100	56	52
100	66	64
100	32	19
50	42	21
92	78	70
37	15	33
34	40	19
13	31	39
47	31	42
99	79	91
78	56	91
55	65	39
10	2	36
75	64	76
89	61	33
19	87	97
4	28	94
65	38	73
68	65	57
87	84	45
14	51	20
29	89	76
50	27	91
3	39	46
3	17	15
58	76	15
54	83	59
50	28	20
98	57	24
71	13	29
52	84	30
47	68	11
80	95	51
26	68	72
27	19	45
64	76	84
23	5	38
43	32	34
37	61	51
17	15	12
34	8	24
77	97	57
34	48	24
64	41	20
42	28	30
23	100	56
81	62	64
11	41	18
75	93	52
13	92	73
2	36	30
56	33	20
71	98	89
26	3	59
19	36	49
87	56	1
47	14	11
64	57	85
55	67	85
43	69	84
50	19	88
54	78	93
43	36	17
53	52	84
58	61	33
10	19	24
19	48	6
34	79	85
49	38	33
25	29	12
71	67	97
59	70	79
86	41	6
43	55	15
25	10	56
71	23	49
23	64	95
70	96	41
19	39	84
23	42	39
60	61	82
32	99	82
60	62	56
63	74	87
14	19	5
10	8	20
25	21	1
13	35	87
9	87	84
75	52	85
62	59	91
7	5	6
25	29	8
45	16	30
75	8	1
50	33	46
69	53	58
54	67	61
67	36	84
35	29	94
26	63	87
63	82	85
7	10	46
32	48	15
47	22	18
4	95	49
47	34	40
77	72	88
23	48	33
67	17	84
89	61	96
77	86	61
100	66	22
37	32	36
25	17	45
53	81	67
35	76	49
69	67	94
42	3	61
70	52	20
81	97	76
21	22	20
27	72	91
71	60	59
92	98	51
25	60	44
26	31	10
24	38	18
35	42	15
68	87	94
2	51	46
25	48	11
1	37	45
3	19	46
7	92	64
92	60	64
13	77	67
68	77	70
81	87	97
43	23	21
50	21	90
60	66	64
47	31	17
7	35	20
89	70	91
25	72	70
37	19	15
54	66	83
7	76	30
2	58	52
89	65	87
29	21	30
35	16	82
32	49	24
36	33	1
63	77	38
43	86	15
7	71	6
50	2	20
40	57	85
47	32	22
71	84	85
55	61	73
13	38	90
67	72	97
11	41	44
77	81	87
13	99	12
71	78	88
25	70	30
83	74	94
99	64	96
14	16	33
32	55	69
74	48	85
1	75	24
25	11	39
37	3	8
61	51	96
43	48	22
10	40	3
75	53	51
10	40	39
71	95	51
7	19	30
35	21	45
26	4	43
10	95	41
35	87	46
4	47	34
37	17	46
71	78	100
4	56	38
23	35	41
4	94	15
86	2	45
89	99	84
47	31	24
43	68	21
37	50	27
9	2	39
40	39	30
8	52	45
31	17	30
2	28	96
47	29	22
80	64	70
81	70	85
78	36	62
60	91	73
71	64	56
61	99	11
54	29	20
97	76	88
75	69	58
92	58	97
86	36	22
60	34	72
67	6	30
10	34	29
42	65	64
49	91	73
48	62	12
14	60	98
81	65	57
77	79	84
4	14	38
67	76	21
54	25	12
67	56	91
25	76	38
27	59	6
3	95	85
43	28	22
48	49	22
45	75	20
43	7	26
10	36	90
81	99	65
23	55	76
43	31	41
99	59	52
29	87	82
77	86	12
62	57	85
69	94	73
100	98	8
70	82	57
9	25	17
78	53	62
31	36	6
10	42	1
19	76	8
60	3	49
9	68	60
63	78	97
60	15	90
85	47	18
36	59	18
41	44	73
16	36	90
73	80	1
10	34	30
32	28	45
35	11	24
38	46	96
54	60	77
32	27	16
4	86	51
78	55	56
7	2	21
4	89	3
19	15	33
32	19	8
63	78	72
77	69	82
63	79	88
13	56	5
26	78	96
68	3	1
55	95	76
24	83	45
62	59	65
53	80	87
34	40	38
4	40	18
17	90	52
9	37	12
25	31	61
18	3	1
35	66	79
7	9	44
77	53	61
9	6	18
72	44	73
78	83	1
50	11	5
7	42	40
14	67	46
19	57	30
10	80	93
63	35	2
71	80	21
9	48	30
58	74	56
31	22	82
71	27	85
7	63	72
54	100	36
61	95	82
23	72	46
43	70	88
64	87	70
100	69	87
54	78	82
34	67	61
26	48	12
98	3	44
4	48	18
72	91	88
63	92	99
31	49	46
47	40	93
48	51	49
32	74	19
63	75	64
64	94	91
37	11	41
63	61	64
92	93	76
60	95	38
54	69	56
16	48	5
7	15	30
7	25	79
89	93	79
23	53	16
71	26	31
100	31	48
84	46	52
43	40	17
83	67	94
43	34	8
26	18	73
98	48	96
43	22	33
26	15	73
23	29	49
31	34	8
48	52	44
34	16	44
78	84	90
43	100	42
89	58	59
92	64	39
81	21	33
27	21	30
29	8	24
100	13	51
98	61	1
71	25	3
77	36	33
54	72	84
13	29	46
7	4	38
42	39	44
54	25	34
19	8	44
68	80	1
81	74	49
50	74	62
75	28	33
98	17	46
40	28	8
58	33	30
78	39	6
10	40	17
89	70	84
95	70	90
13	2	12
81	70	90
60	56	73
53	51	45
72	94	57
29	12	20
54	66	95
64	79	52
7	35	90
50	8	24
89	76	82
3	28	36
92	100	77
68	66	77
29	94	1
92	94	39
78	51	6
32	35	94
2	89	52
26	40	90
37	34	69
40	22	33
93	64	88
47	95	46
100	99	56
23	51	1
43	33	44
81	58	84
66	83	56
47	72	22
62	90	84
99	36	91
31	99	96
77	86	87
71	100	60
97	79	30
54	52	73
14	34	61
25	10	29
94	97	39
7	2	3
60	77	67
43	4	46
32	55	52
9	2	21
43	47	20
68	79	91
100	64	59
93	84	85
92	93	91
78	83	67
68	99	70
55	19	22
7	11	44
29	19	33
26	42	36
10	19	30
100	5	30
30	18	45
97	41	82
60	65	97
43	53	84
37	40	36
55	86	52
25	17	90
40	74	70
68	80	93
86	28	87
92	67	70
27	51	33
26	7	35
63	51	12
7	12	85
78	53	67
34	29	8
10	98	51
81	64	97
92	58	94
13	14	30
47	87	62
19	16	45
63	75	16
34	11	18
55	27	11
63	83	87
29	27	36
4	55	42
37	32	33
31	13	5
10	29	58
50	17	36
83	80	82
53	27	49
83	51	88
63	6	20
26	48	33
9	98	6
31	13	20
35	34	16
29	16	6
77	87	82
35	72	46
60	72	94
68	80	72
14	33	1
71	54	72
47	36	41
4	10	20
13	48	24
37	11	12
83	5	44
70	79	22
47	5	45
19	28	17
11	52	20
71	48	6
59	15	6
30	37	24
75	61	79
83	3	27
55	99	70
30	9	24
80	90	73
54	92	96
14	55	29
7	10	35
40	74	30
89	96	91
81	57	24
24	34	45
80	53	62
37	10	28
7	99	94
80	65	17
94	52	73
71	86	72
100	99	91
92	41	85
75	92	77
93	5	33
13	64	85
95	56	91
27	8	84
35	87	39
48	8	12
7	36	11
71	42	86
83	70	85
23	60	27
23	25	31
63	61	84
4	37	74
4	60	42
92	69	82
41	46	30
34	65	15
14	5	30
30	31	45
7	9	42
26	42	44
79	46	44
55	58	24
37	54	98
3	40	48
47	37	36
14	74	97
56	96	82
77	72	93
43	35	40
64	11	73
98	64	85
72	95	97
86	3	21
42	15	18
99	65	57
42	11	1
31	44	12
22	6	39
77	6	91
75	79	90
7	29	28
68	59	90
25	10	41
10	95	85
23	9	21
35	41	30
61	52	88
78	58	70
78	53	19
47	9	22
16	39	6
98	61	76
92	89	72
31	34	28
63	100	10
10	8	21
83	69	62
83	57	85
41	96	90
74	72	56
25	2	44
75	100	90
63	13	33
60	80	76
7	34	41
7	25	2
64	96	90
76	52	91
32	10	1
80	90	85
61	87	97
23	28	11
81	89	84
85	35	24
60	95	15
66	99	88
93	95	91
54	66	53
25	40	19
25	49	33
35	56	41
86	74	91
25	10	1
83	86	62
1	8	18
34	99	46
2	16	6
56	76	57
68	60	84
86	58	84
80	97	57
54	66	96
68	13	15
63	66	72
66	70	88
36	94	73
35	39	1
54	94	57
28	59	91
67	11	12
100	13	17
54	66	61
13	16	41
63	90	24
56	46	45
24	9	1
98	11	24
86	90	33
32	80	1
92	97	46
35	79	24
85	39	1
14	65	70
23	9	39
25	49	96
68	50	67
58	79	22
37	31	41
75	95	91
66	81	70
3	28	8
98	89	70
3	64	59
37	3	41
29	36	45
47	77	49
27	15	44
78	59	85
14	16	6
7	89	62
43	33	18
68	75	11
99	95	59
100	39	85
23	21	84
45	7	30
43	39	12
48	6	45
98	76	85
43	7	5
94	84	73
55	77	88
78	86	61
80	67	88
100	58	21
87	79	84
47	36	52
9	31	47
10	81	61
89	97	79
60	90	24
50	6	45
99	19	51
55	83	74
100	86	84
75	64	65
78	66	73
73	75	85
26	14	38
2	3	39
5	22	41
23	42	8
37	32	48
92	58	52
61	48	21
37	86	39
81	61	94
7	41	6
67	93	84
2	19	24
4	25	6
7	75	61
78	80	88
48	52	90
43	78	75
73	40	30
65	64	82
63	95	85
66	62	94
7	98	59
78	65	79
25	3	95
75	29	27
31	5	39
55	74	79
65	57	85
9	91	73
3	48	22
22	21	18
23	28	12
60	59	91
89	61	51
3	28	57
56	96	84
4	14	28
47	28	39
43	42	72
55	2	41
34	29	65
75	25	89
77	98	66
53	76	88
62	91	1
43	59	91
10	44	18
66	56	70
18	24	85
68	58	70
92	64	56
58	97	90
87	5	76
58	62	38
71	88	30
100	97	96
61	15	33
68	80	62
47	31	45
31	28	87
38	41	39
69	2	48
15	33	45
37	17	56
37	15	24
23	40	20
37	92	72
43	5	24
72	59	41
50	81	93
9	68	22
28	70	57
43	25	17
8	15	30
25	2	19
27	49	85
66	69	48
74	91	30
32	40	19
60	93	21
54	69	49
43	13	25
68	14	59
35	6	24
35	49	44
9	42	22
63	4	14
26	54	55
63	87	94
75	67	74
39	44	18
62	70	85
47	97	91
89	28	96
86	89	99
32	19	41
77	89	94
71	55	97
9	16	85
42	59	94
100	69	62
23	71	19
23	43	39
7	4	56
47	29	46
23	26	38
68	57	85
43	94	79
51	21	1
26	28	46
53	82	85
75	56	70
14	33	46
43	8	33
36	21	24
80	74	85
86	89	96
16	39	18
63	17	5
35	3	48
100	52	88
29	19	17
43	66	12
54	77	67
54	92	90
86	19	24
63	57	73
37	11	45
47	83	93
80	89	59
7	91	85
98	36	45
55	87	79
86	87	94
71	74	88
26	39	12
31	22	44
71	74	79
80	53	6
53	40	70
9	29	18
83	84	18
60	36	41
9	61	38
86	27	49
29	3	18
89	72	84
43	56	30
54	63	58
50	19	17
29	39	6
4	28	46
13	14	21
28	21	15
89	56	94
80	67	95
32	5	12
98	76	57
67	95	84
38	91	22
92	66	69
78	17	44
92	83	77
25	66	97
17	48	38
3	28	88
26	35	27
19	38	6
16	62	59
28	39	24
50	36	11
40	62	39
69	48	88
57	91	73
17	95	70
40	5	45
38	91	20
69	64	57
68	69	95
54	78	77
7	6	20
13	62	8
67	65	70
50	42	48
31	86	99
100	98	51
32	16	6
34	3	41
60	66	95
71	90	73
71	81	89
69	28	57
2	15	44
34	80	21
43	40	12
77	86	6
54	84	91
54	9	44
37	74	30
77	46	84
25	5	15
69	3	20
55	22	84
32	2	41
50	19	85
26	40	39
92	34	12
19	51	57
2	5	96
93	65	84
97	79	85
77	72	56
34	27	33
54	22	52
48	39	96
83	93	87
4	52	18
42	82	24
37	60	42
36	15	30
78	89	90
50	80	62
26	63	61
72	62	38
42	81	6
100	40	87
40	57	20
47	13	64
26	35	30
35	29	15
11	41	33
54	93	57
43	28	38
92	52	88
31	10	42
2	17	52
25	70	5
30	43	24
100	55	64
7	71	44
100	55	90
42	8	21
26	47	11
68	78	97
75	29	12
7	31	48
17	8	44
27	48	30
71	86	96
65	8	51
23	25	11
99	72	59
42	49	39
2	41	45
66	77	74
7	35	49
35	61	22
9	19	49
69	40	65
13	40	30
86	93	84
63	69	90
34	49	30
26	37	31
100	97	76
47	63	79
37	9	62
71	60	98
26	34	30
37	10	22
37	69	20
79	57	46
89	58	65
7	17	22
54	70	73
83	53	69
32	8	33
45	51	30
7	76	49
55	86	48
58	72	57
19	41	44
42	65	38
37	2	15
26	4	40
28	17	44
31	60	18
42	59	38
9	21	30
3	19	36
63	35	65
9	98	12
63	10	66
31	46	18
67	17	44
69	19	12
92	86	99
31	81	33
94	84	18
7	34	1
68	42	53
25	34	28
47	89	41
47	25	70
24	25	1
34	39	18
68	59	51
31	2	91
37	77	56
32	28	11
47	44	18
7	32	39
47	48	91
61	28	12
23	80	58
80	6	12
34	40	90
60	90	1
1	41	24
94	51	57
7	25	29
17	8	22
50	36	33
99	93	21
68	55	69
37	3	96
75	74	99
75	29	30
67	79	91
29	17	84
13	12	46
68	3	24
37	66	27
7	31	34
79	38	85
93	82	85
9	78	59
40	27	39
7	10	1
13	8	20
60	86	97
31	42	11
63	78	86
14	75	91
9	57	1
13	92	97
43	36	51
4	22	96
73	87	30
7	14	81
13	66	12
37	48	39
71	67	96
26	2	45
76	84	88
92	59	91
34	36	1
62	65	5
61	64	6
77	86	67
7	34	29
53	36	1
23	16	52
68	69	99
92	77	52
71	19	12
35	34	48
62	48	15
68	80	97
75	65	95
83	3	12
55	66	64
96	82	90
83	97	24
92	53	69
9	31	97
50	41	52
47	100	75
65	97	8
71	81	88
58	87	62
22	57	85
62	56	70
55	66	98
47	27	45
13	94	30
14	27	1
67	72	70
4	16	44
54	93	48
23	19	1
50	15	46
89	3	19
7	4	34
23	36	12
7	55	67
100	91	12
25	76	45
62	97	90
16	21	73
69	89	90
67	44	82
47	50	29
26	12	20
71	63	84
58	57	91
50	10	64
13	3	12
34	27	1
2	28	49
32	44	1
68	78	64
93	46	45
7	75	51
10	83	41
40	19	36
87	36	39
89	62	21
58	52	57
80	69	97
37	42	34
92	81	82
34	61	85
100	86	95
23	6	30
9	10	33
47	25	18
65	52	33
34	40	5
13	42	24
100	61	51
14	29	89
56	41	88
7	11	24
30	46	20
32	49	38
17	39	33
25	35	15
31	40	17
71	66	59
55	66	60
58	5	33
100	83	67
43	9	2
25	55	40
26	92	5
25	53	95
75	55	51
31	28	17
53	72	52
60	86	76
31	99	94
75	77	74
80	53	76
77	90	88
31	74	16
26	93	82
86	65	82
68	58	85
4	34	17
47	25	32
83	94	44
4	2	22
78	66	11
83	58	99
97	88	91
54	60	84
31	70	49
100	66	3
29	17	6
64	56	17
68	17	90
54	9	64
10	42	36
10	61	70
71	59	6
43	23	50
28	48	56
72	64	76
3	28	49
31	48	18
54	77	72
37	4	67
54	16	18
24	61	18
99	41	90
98	99	65
23	50	40
80	74	97
70	97	82
43	37	44
71	63	75
43	8	18
100	53	82
24	37	1
13	2	22
54	77	84
54	61	1
63	53	88
67	97	30
59	96	85
54	61	91
54	72	64
74	62	95
69	86	93
98	93	87
32	5	90
70	39	85
23	22	6
8	41	38
66	83	97
23	89	20
54	66	72
81	79	20
4	3	28
100	86	21
89	61	91
9	49	12
37	28	12
94	21	20
81	80	12
36	5	6
54	83	53
14	21	33
68	74	84
34	2	8
67	3	70
16	5	12
58	87	84
68	81	74
26	8	30
34	64	88
55	93	59
58	97	45
6	84	20
61	19	22
78	25	48
54	83	69
35	77	17
83	59	95
23	4	30
53	79	49
69	58	67
75	89	58
3	27	39
47	11	46
2	19	44
10	5	15
69	65	73
34	21	46
53	61	90
78	93	84
63	83	70
58	95	94
68	78	39
78	60	72
4	13	8
13	36	22
92	29	84
31	50	87
66	48	8
5	49	46
3	64	52
25	10	50
34	27	49
92	51	90
40	70	51
32	3	12
77	19	18
32	61	8
16	76	85
40	21	20
64	87	51
47	31	10
66	58	89
53	88	84
14	94	91
23	26	29
71	58	95
86	89	2
7	42	36
71	31	89
9	35	96
54	95	70
37	29	36
13	10	32
92	89	93
95	79	96
16	33	6
43	16	21
63	66	87
78	67	93
26	17	18
4	25	2
26	100	53
10	35	53
55	3	5
19	49	33
9	92	11
17	97	6
58	91	73
42	44	91
63	31	35
31	5	1
75	35	48
54	77	86
72	97	52
99	94	84
61	76	44
26	29	16
55	74	72
66	64	18
35	57	20
63	74	62
26	5	6
47	36	24
47	39	1
71	78	79
98	61	88
11	15	45
28	49	44
7	32	33
25	13	44
67	88	1
54	74	64
9	32	66
60	70	20
55	74	73
75	29	28
83	86	84
42	34	15
83	28	65
43	13	39
69	88	90
53	87	90
48	5	88
7	3	22
69	3	22
28	39	6
31	10	20
35	5	12
86	70	90
75	49	88
60	80	62
29	49	33
63	86	58
100	98	44
35	49	46
66	17	48
37	35	15
24	95	20
59	41	15
34	27	22
72	95	6
10	42	21
7	63	60
72	79	85
80	86	62
54	28	41
71	100	56
26	14	33
92	89	84
59	6	82
4	66	27
100	36	21
14	55	1
68	76	91
61	62	56
76	82	20
2	57	20
32	42	39
47	38	12
81	19	21
60	67	61
97	90	85
71	53	98
71	79	90
13	36	5
72	93	65
98	64	95
60	66	85
42	40	24
55	29	38
3	97	39
67	27	57
25	50	24
20	50	1
66	61	56
92	99	97
58	64	79
92	75	18
61	56	88
43	44	1
69	90	45
4	25	50
35	89	91
80	93	18
13	60	59
7	47	27
75	80	87
55	94	70
61	74	56
66	79	6
7	47	19
59	56	96
68	27	97
54	55	89
31	59	52
68	58	90
63	91	52
65	36	18
54	100	2
75	70	85
13	28	20
27	5	8
29	2	24
3	5	15
89	17	45
24	19	1
20	42	1
77	48	21
3	5	20
25	66	70
28	17	24
71	66	79
55	53	19
50	77	30
54	100	55
19	8	18
9	21	1
25	28	88
63	86	74
4	37	42
10	27	30
68	53	97
43	50	49
68	77	69
26	44	20
75	94	91
86	97	5
70	49	73
29	33	90
13	40	38
3	27	48
77	62	97
75	86	51
72	82	85
36	41	21
4	78	21
10	74	95
83	56	97
98	56	94
26	47	24
65	11	6
54	55	29
74	36	41
96	91	18
50	34	1
23	9	10
43	9	48
64	70	88
47	99	90
14	36	46
43	29	27
55	58	93
61	38	45
74	95	20
71	58	82
13	34	19
78	86	95
32	81	62
15	44	45
63	81	89
13	22	20
60	36	56
53	87	79
10	2	57
26	14	22
14	35	32
43	61	79
4	25	27
55	69	51
49	15	45
62	21	12
7	37	14
2	29	27
43	7	30
51	96	91
71	68	91
81	95	73
53	57	45
30	4	24
14	29	70
37	2	81
25	6	18
31	50	38
75	60	73
23	38	91
100	86	72
23	19	41
63	31	57
77	97	49
26	11	73
47	34	5
66	96	88
100	86	93
2	5	1
49	44	6
92	29	24
71	98	65
4	35	55
69	97	52
47	92	78
64	79	88
94	51	96
65	97	76
73	96	1
83	69	79
78	79	85
25	62	12
68	31	20
50	65	5
37	97	22
83	57	73
37	64	97
71	40	5
60	80	94
54	55	81
34	41	46
53	93	90
71	31	39
100	2	20
86	93	59
61	64	88
53	46	91
63	95	57
78	92	95
93	87	85
26	77	99
27	16	22
19	41	82
69	62	76
23	37	3
65	59	91
54	83	85
31	50	2
25	14	11
17	21	84
78	81	73
43	40	38
26	4	16
68	77	65
72	64	90
35	42	29
48	8	1
47	8	12
66	65	90
92	48	57
32	76	45
4	33	18
4	28	17
3	95	8
9	100	72
4	21	38
92	59	52
61	5	38
3	62	6
29	5	22
23	9	17
25	50	48
32	42	16
37	31	30
37	81	49
7	31	17
23	35	50
68	86	87
50	8	45
93	91	57
7	77	5
47	29	21
19	8	1
80	64	90
43	92	38
86	89	90
75	86	74
31	40	72
7	100	67
29	87	11
71	86	87
23	27	48
26	77	64
7	78	18
36	41	12
69	56	82
3	70	90
35	10	59
53	51	52
14	92	70
37	11	49
14	34	83
89	62	59
58	74	93
37	14	49
3	28	17
75	67	73
23	14	2
14	76	82
58	84	82
63	10	56
83	53	90
61	99	82
31	50	21
71	74	93
89	72	94
67	70	5
92	99	87
42	81	80
99	76	82
54	78	75
99	93	64
23	53	45
98	51	88
68	17	76
9	3	38
23	76	20
9	50	69
89	95	82
32	48	5
31	32	39
34	38	12
54	55	21
9	5	6
78	75	36
43	7	50
42	19	5
3	49	20
65	94	88
77	87	70
50	8	12
50	48	38
64	95	85
69	87	85
53	88	73
9	40	64
54	64	85
62	51	18
31	42	17
81	19	97
99	64	38
78	61	87
69	61	97
25	64	88
22	12	44
71	69	96
68	76	39
36	59	44
60	87	97
89	76	57
95	56	90
37	50	16
7	50	28
54	35	6
54	92	59
31	78	1
24	4	85
94	82	88
83	62	91
2	56	20
61	94	15
10	17	12
13	46	57
43	35	15
3	19	38
60	80	98
69	64	90
47	40	46
26	32	1
93	97	12
60	53	65
62	97	20
15	39	24
37	60	21
4	31	3
77	94	82
71	47	74
10	33	24
89	61	64
92	48	12
54	69	58
66	88	85
92	5	18
60	16	59
83	53	36
30	48	73
43	29	17
83	27	51
23	21	30
14	48	49
14	35	3
53	59	33
7	16	1
37	68	91
25	81	62
53	70	12
92	81	59
43	87	33
100	76	96
78	58	87
71	16	57
77	93	52
54	8	79
77	65	79
75	61	74
72	90	82
50	69	20
54	100	46
8	33	18
87	59	12
19	49	18
47	29	41
55	72	73
36	49	22
83	40	76
65	76	84
31	36	33
47	6	88
26	4	87
9	34	29
94	12	20
100	51	85
35	42	40
35	10	57
67	49	39
69	80	99
32	34	42
19	15	21
26	91	24
69	59	52
81	59	57
24	19	45
26	80	3
34	57	20
63	83	67
99	91	73
72	74	90
77	80	41
89	88	85
56	51	84
32	65	20
78	98	74
37	16	49
98	58	95
60	39	38
16	22	33
93	97	96
68	100	66
57	84	82
23	75	46
7	38	24
81	65	73
71	78	87
4	31	41
10	72	70
23	17	45
68	70	82
42	83	39
39	38	24
4	28	48
66	56	97
81	19	30
89	90	24
28	93	96
17	8	49
10	40	12
19	87	5
99	95	91
68	86	84
29	12	44
54	74	65
100	16	11
37	36	45
4	6	1
37	57	20
78	42	40
98	64	94
87	97	82
7	14	33
80	94	96
43	67	27
55	99	73
43	34	36
63	42	29
17	48	1
89	72	52
45	90	18
69	89	61
29	51	45
40	17	8
27	49	1
32	17	30
68	78	99
55	81	56
83	89	57
86	74	90
100	53	58
77	62	51
26	14	96
75	86	62
68	76	22
32	99	49
93	21	45
83	89	5
93	64	90
17	12	18
58	99	6
50	98	1
100	65	36
71	54	86
31	2	5
71	92	98
7	29	58
75	94	76
92	77	51
7	16	84
27	48	82
68	84	85
61	99	94
3	97	21
43	15	39
36	5	24
81	86	93
15	6	12
78	53	69
71	46	52
25	98	36
26	2	15
67	61	70
86	67	56
43	100	87
42	21	44
27	11	22
100	79	96
67	82	73
40	28	45
42	48	5
58	90	88
16	15	45
94	76	57
47	79	91
29	87	88
50	3	21
17	97	84
26	96	12
26	72	85
32	66	59
68	83	51
20	81	18
92	87	85
64	97	11
67	99	18
86	28	85
23	99	15
68	21	30
3	21	12
50	39	45
63	9	59
86	65	76
2	76	73
23	88	84
9	22	45
78	59	57
98	95	96
78	11	24
13	39	44
59	97	94
75	77	70
86	99	22
40	51	18
13	16	65
26	40	30
81	69	79
4	32	6
66	69	79
28	17	16
58	99	91
31	3	38
32	29	17
100	10	66
43	66	34
14	15	20
27	39	21
53	49	76
36	56	24
54	51	57
78	66	84
100	67	28
68	83	76
54	81	38
55	58	94
77	44	84
64	62	79
37	17	36
23	63	35
10	6	33
29	91	33
98	74	84
43	32	8
100	77	61
23	32	41
80	62	91
58	72	82
83	72	65
7	23	96
27	28	85
47	39	44
66	53	51
81	67	87
22	82	1
49	91	18
25	29	70
66	40	70
69	72	84
35	19	8
60	59	95
7	23	58
10	67	85
42	22	15
75	83	82
68	75	87
55	67	36
50	57	82
89	97	76
93	59	88
74	64	39
69	28	39
13	19	20
10	39	18
67	89	61
75	92	81
54	99	85
75	98	88
42	40	39
13	34	49
43	15	1
43	14	6
32	15	38
98	87	79
54	61	46
86	59	73
83	22	96
9	46	12
27	8	41
94	21	73
89	94	82
82	57	18
17	21	33
100	89	51
60	58	6
71	25	58
16	11	22
36	49	5
43	5	41
1	21	18
54	83	52
99	65	56
75	53	90
58	48	79
2	49	20
7	78	88
18	14	24
71	66	29
61	51	21
7	4	21
63	92	42
20	44	46
51	76	85
29	15	18
25	42	6
26	8	18
63	53	61
7	8	91
25	50	33
14	80	72
59	70	84
77	53	15
32	19	94
32	49	5
66	72	90
69	86	5
29	40	20
49	12	45
47	21	39
70	79	52
43	38	18
81	3	28
78	74	57
4	88	84
7	70	94
40	3	5
65	87	76
72	17	46
40	15	88
10	27	5
32	34	1
55	95	82
55	89	59
26	40	15
83	80	70
18	33	20
13	36	1
55	79	85
71	40	1
59	76	96
94	5	41
86	57	20
3	41	30
14	92	21
43	11	45
58	74	16
72	91	44
78	69	84
19	28	6
66	83	72
71	63	33
3	95	79
82	33	85
23	60	70
60	87	96
4	35	30
50	5	39
25	5	57
51	96	85
71	95	76
42	5	6
54	98	49
42	53	16
55	72	56
23	42	40
66	59	96
68	99	94
26	11	33
53	99	45
60	69	91
43	38	1
32	16	46
14	25	21
78	65	76
83	65	97
65	91	84
63	19	17
37	31	38
49	22	30
34	93	20
47	89	24
43	17	85
27	91	30
83	58	6
100	58	91
10	59	45
92	32	94
67	72	21
23	29	86
23	25	21
55	33	85
41	12	82
4	28	8
14	50	17
69	53	2
37	68	74
68	100	65
34	46	52
43	27	49
42	62	45
62	65	12
31	77	84
78	98	70
72	79	88
23	47	35
54	98	80
100	60	8
14	40	27
60	53	90
68	81	59
54	56	96
7	50	49
17	21	46
60	98	51
65	56	79
23	25	94
86	80	36
9	3	49
86	64	85
13	50	22
75	56	79
10	27	44
4	41	20
76	57	73
89	51	90
32	21	1
4	37	32
78	81	58
10	2	45
68	52	73
48	11	20
23	67	12
16	12	24
100	19	30
87	56	24
54	77	88
100	94	85
26	89	21
75	100	69
53	86	88
77	89	6
72	65	85
27	11	12
13	28	18
99	59	90
41	6	45
100	77	69
26	34	15
75	83	97
87	70	79
63	95	84
58	51	90
100	94	51
9	42	30
60	2	96
70	15	57
63	57	44
20	33	45
23	42	19
32	27	52
67	74	61
92	100	89
11	12	46
3	11	15
43	81	94
68	53	51
68	51	76
23	35	28
23	42	36
68	89	52
35	38	18
74	61	91
48	11	38
26	83	89
35	40	38
31	12	46
9	82	73
31	61	38
9	28	19
23	26	21
25	21	91
4	31	44
49	15	44
25	48	33
71	67	65
83	61	95
65	76	38
26	4	45
75	58	95
80	74	72
13	10	24
25	35	79
98	96	6
7	63	79
31	42	36
26	49	24
14	72	70
40	11	21
71	95	41
78	98	93
55	97	94
17	59	46
13	10	39
81	96	82
47	2	48
42	44	1
81	76	88
13	56	39
13	83	97
61	38	20
98	52	88
75	60	87
35	69	15
68	57	84
34	49	8
26	13	30
65	95	57
80	67	59
13	51	46
43	10	64
43	63	49
54	31	74
93	51	18
28	16	8
4	34	30
93	59	95
60	59	76
54	59	12
7	21	85
10	41	96
13	44	73
23	9	5
59	44	73
53	56	91
2	17	5
23	4	17
93	96	90
22	91	52
92	57	82
67	8	1
32	87	21
75	58	30
98	44	30
48	95	24
75	69	91
54	34	62
72	51	96
83	76	88
43	83	69
68	28	85
78	61	30
89	99	97
75	77	64
27	70	38
4	2	46
77	51	88
75	87	79
89	93	95
83	88	20
74	95	70
60	95	85
9	3	33
35	3	36
10	98	3
7	4	95
55	81	52
100	59	70
4	27	15
74	36	39
54	92	76
53	64	48
4	35	29
69	2	91
74	93	85
66	59	90
8	44	20
71	36	88
34	74	44
86	67	88
7	75	76
99	56	59
92	5	39
74	87	39
89	93	97
53	90	46
67	19	64
81	76	21
47	89	45
26	3	18
4	46	30
42	17	24
68	89	99
30	38	24
41	6	52
95	97	57
34	53	44
78	60	59
34	61	49
26	40	41
81	52	90
32	29	39
4	72	65
81	67	95
10	36	38
50	2	16
98	95	97
63	79	84
37	4	24
92	79	52
23	14	44
19	36	8
35	32	27
43	44	24
4	9	29
43	30	85
71	92	56
71	100	83
100	78	52
26	43	77
43	46	6
99	76	90
1	32	18
99	8	45
86	56	73
50	28	17
92	81	88
71	34	91
47	16	45
54	34	30
28	49	33
9	34	45
26	25	21
78	99	62
60	59	96
56	15	45
27	64	52
42	58	39
81	65	56
34	41	1
1	19	30
45	61	30
80	87	97
32	40	20
34	76	84
75	53	96
99	74	56
76	91	12
22	6	20
71	55	80
77	16	97
61	84	82
31	35	45
92	98	64
26	9	66
75	32	6
60	72	91
35	46	6
78	83	99
68	10	95
83	72	85
54	32	27
10	21	20
60	67	70
100	14	17
63	41	85
78	83	98
77	89	76
50	51	24
86	40	2
72	88	57
4	21	33
26	68	51
83	52	33
34	38	1
66	98	73
50	21	91
78	42	22
65	62	51
23	97	90
69	56	70
78	56	85
83	8	24
55	80	91
54	87	94
4	25	1
32	27	45
97	8	44
43	66	17
69	87	11
25	10	19
71	91	20
23	10	45
69	19	5
13	32	44
34	3	39
7	40	36
58	89	96
77	89	93
86	98	19
9	80	5
29	56	73
55	66	90
100	83	95
100	69	80
14	67	93
78	50	76
42	70	90
92	97	39
47	9	30
63	72	90
35	66	87
13	29	38
25	42	1
71	73	1
13	42	66
22	91	82
31	41	6
7	74	8
69	39	73
94	33	45
66	96	52
43	7	24
75	34	79
26	72	17
24	27	45
66	53	70
9	95	90
64	70	85
53	74	46
67	61	95
61	59	91
70	76	73
23	33	1
4	72	6
61	79	84
54	10	58
3	61	70
23	26	36
40	16	1
36	82	24
4	48	59
78	40	16
37	25	6
78	82	91
4	44	30
100	3	12
42	48	11
37	47	42
75	82	90
71	83	94
23	17	22
67	27	79
72	93	96
35	5	21
72	64	20
75	58	74
100	48	12
78	96	82
26	39	90
54	81	52
7	64	22
29	16	30
71	79	24
4	78	39
23	16	11
89	99	93
64	5	84
23	32	48
59	6	91
77	2	99
16	46	1
26	32	21
72	64	51
7	14	21
93	97	85
43	54	14
9	75	89
60	36	85
55	66	94
43	23	19
35	12	24
11	49	22
47	72	49
68	76	52
54	69	18
80	95	97
26	64	36
55	98	21
48	5	45
98	87	57
83	87	97
75	60	80
41	33	45
4	72	36
72	6	24
78	35	87
54	81	85
71	87	88
77	74	64
67	64	15
31	6	91
54	78	79
47	74	96
35	29	40
7	37	30
35	34	30
54	93	51
66	59	5
2	16	24
26	25	18
37	69	11
54	81	74
69	72	94
40	62	56
9	98	94
9	53	11
7	17	46
81	61	76
32	22	30
71	84	24
89	99	24
86	59	82
23	9	38
100	80	86
26	4	52
55	79	44
37	77	18
78	70	52
63	77	86
81	88	85
4	27	49
43	69	21
87	79	91
63	92	52
92	95	91
31	89	57
29	48	79
93	84	33
65	90	57
54	68	33
92	58	22
35	3	5
93	87	95
7	32	1
14	22	38
23	81	6
60	89	99
75	10	12
43	76	85
50	69	39
24	16	20
25	87	82
80	11	15
47	97	5
77	2	97
66	86	24
35	41	91
42	46	18
98	89	99
67	5	84
27	21	12
100	78	86
63	78	54
92	60	20
31	49	24
31	16	48
50	88	57
75	76	96
66	48	24
71	83	22
43	36	79
83	58	59
26	36	15
94	97	91
47	95	22
11	49	94
26	11	45
4	2	18
19	44	6
63	100	82
9	36	51
9	17	5
14	46	6
93	90	24
16	36	39
23	47	46
89	74	95
98	97	76
68	92	97
32	22	45
23	36	45
47	29	16
43	14	29
43	14	36
10	8	38
39	12	6
63	77	21
63	69	58
14	61	64
62	82	30
69	48	82
25	2	74
16	38	30
78	89	18
25	31	28
18	25	30
53	95	45
83	28	18
43	72	87
37	97	44
69	74	64
83	80	84
4	35	62
67	61	96
98	72	56
71	95	73
26	34	6
15	46	44
16	36	33
7	28	48
46	6	44
66	83	76
92	79	22
75	10	52
100	98	82
29	59	79
9	10	49
72	93	90
17	46	33
29	8	22
58	16	1
60	50	90
80	64	59
78	52	73
23	82	45
43	40	45
80	67	97
53	21	38
92	78	58
74	95	1
71	14	49
69	16	21
60	97	96
43	10	11
14	28	24
70	57	85
35	29	21
37	31	1
37	10	32
68	75	67
26	98	16
50	27	8
60	93	56
16	19	24
9	51	57
81	72	38
42	6	24
23	28	18
13	5	90
77	81	80
7	54	81
55	69	56
36	5	8
13	39	12
74	22	84
80	70	6
78	87	48
77	58	62
99	74	49
100	34	19
2	38	6
63	69	96
34	36	30
14	49	46
69	53	72
47	29	18
37	35	77
34	19	33
26	43	13
93	96	84
81	74	51
67	61	22
31	60	33
67	93	97
56	90	85
40	64	62
54	62	65
23	13	46
10	50	46
95	22	91
78	64	70
63	25	96
29	12	30
71	31	75
89	99	20
50	89	12
21	38	46
10	40	96
7	42	17
11	12	20
59	97	84
31	77	11
63	81	49
37	60	70
22	33	18
53	64	84
92	58	79
68	92	62
62	94	91
32	88	20
43	6	18
55	74	24
75	55	96
43	89	6
68	86	59
23	36	6
37	31	33
78	98	89
58	15	44
42	56	45
63	64	94
63	86	15
42	44	20
100	75	51
50	33	1
78	55	95
95	91	82
55	11	18
54	84	73
71	53	96
35	51	22
68	16	48
55	10	3
31	96	6
71	60	64
4	22	21
74	56	8
55	97	82
14	53	99
47	13	27
74	39	52
77	90	73
47	27	24
54	32	58
42	74	94
27	65	90
40	22	20
16	41	33
9	93	49
68	10	49
78	75	94
80	3	93
81	56	91
100	86	59
92	69	90
98	46	73
16	28	49
3	6	45
77	93	64
63	75	89
43	29	45
31	38	20
31	28	11
67	74	70
98	91	20
62	57	1
29	6	24
54	66	51
68	33	20
40	90	1
78	29	8
13	19	49
75	78	27
31	10	32
43	89	48
92	82	85
81	67	20
89	87	57
54	86	51
86	28	73
24	12	18
83	49	30
55	81	93
86	67	97
55	16	93
11	39	1
7	14	19
23	81	28
23	26	27
26	47	37
61	88	82
35	28	48
43	50	16
16	28	24
27	46	12
77	83	97
13	61	85
78	83	93
83	19	84
78	66	87
34	42	84
83	57	91
23	4	82
31	19	21
58	99	49
62	91	85
54	89	74
32	57	24
32	28	22
7	36	94
50	42	38
80	70	76
34	2	3
62	56	88
47	77	20
47	58	1
43	40	97
54	55	96
77	59	52
25	15	30
54	69	99
23	13	42
35	19	56
4	15	46
31	17	21
71	81	61
67	65	15
58	59	85
14	34	62
54	91	57
9	98	16
30	17	1
55	94	57
7	3	11
50	16	94
60	62	33
77	61	70
35	33	6
66	83	81
63	100	55
43	92	89
63	89	59
75	72	70
75	95	70
77	48	52
81	53	69
69	67	72
98	61	85
58	59	96
66	53	73
63	52	73
27	22	21
98	76	30
70	96	91
26	35	49
14	42	27
68	97	91
35	80	88
71	53	49
54	86	79
80	57	24
28	17	70
99	51	82
90	84	30
35	42	39
31	25	5
63	25	62
81	64	87
92	58	51
23	60	59
25	50	1
22	57	18
48	15	6
23	10	21
37	32	52
9	39	88
97	76	73
100	80	72
63	72	95
74	61	87
23	14	46
94	76	84
54	65	79
63	4	80
92	86	90
42	11	38
5	15	30
67	64	91
37	47	46
66	74	85
60	72	97
63	78	55
35	19	38
55	10	40
87	49	39
54	95	94
43	97	41
92	55	45
56	49	30
29	93	39
7	3	65
43	58	28
63	92	80
93	59	52
68	87	79
55	86	79
77	81	70
31	22	41
72	94	84
7	100	97
9	50	35
61	97	41
43	2	5
74	65	76
31	16	24
63	70	79
76	22	33
30	34	24
66	77	73
81	8	85
9	28	46
83	58	30
72	51	82
42	27	16
14	21	85
67	61	41
47	68	49
23	49	20
23	26	28
77	65	70
31	49	96
78	95	76
4	17	36
65	52	90
34	19	45
68	60	33
94	79	33
98	67	93
42	40	33
75	48	91
55	74	90
99	72	74
71	77	79
69	74	6
37	9	11
61	76	82
67	93	6
5	22	24
54	64	59
63	89	94
100	94	97
35	15	22
71	99	90
63	34	21
50	93	6
71	66	69
47	60	76
26	42	21
9	4	8
66	81	73
58	56	97
100	89	90
63	78	79
77	89	88
37	61	20
66	38	18
34	70	45
70	76	52
23	28	24
47	13	38
67	40	46
26	62	73
55	27	57
35	2	1
70	97	84
42	62	56
29	40	70
94	76	90
47	3	24
78	58	90
68	25	83
60	52	91
16	39	45
26	23	74
85	66	45
58	65	21
9	35	29
23	80	57
69	93	88
77	58	64
34	48	8
80	56	88
18	5	24
2	38	33
58	90	84
29	8	30
14	56	76
35	16	6
74	19	1
66	77	70
70	90	30
3	65	56
100	95	59
48	38	45
75	67	56
100	92	72
35	53	46
53	58	56
89	56	15
7	34	19
80	27	52
50	3	39
89	56	76
54	99	93
4	53	61
47	100	61
98	89	85
54	27	57
100	53	61
54	77	73
66	56	96
75	59	51
11	51	49
43	97	84
78	93	76
67	95	73
63	74	93
86	49	18
83	27	11
60	82	88
47	10	15
69	70	5
92	56	79
19	16	41
60	80	51
47	2	15
68	55	87
87	95	96
68	81	73
63	77	65
80	81	64
14	99	36
100	81	57
100	60	21
31	69	73
34	38	33
74	51	76
13	95	8
34	69	41
7	42	34
45	29	18
7	47	16
63	75	73
23	7	36
25	32	16
7	42	46
63	77	69
53	36	82
14	31	30
67	19	88
3	41	18
7	8	22
53	36	30
71	58	33
54	99	94
67	62	30
47	14	18
8	39	12
71	62	79
64	70	90
54	69	88
43	32	33
100	10	76
37	75	96
43	35	41
79	15	88
68	28	62
89	72	73
68	31	28
47	35	67
63	91	90
23	99	82
43	15	73
26	8	12
25	76	5
31	50	77
23	29	39
25	34	15
81	49	30
63	95	70
92	93	51
63	42	85
23	89	96
54	97	85
54	94	79
75	60	65
83	52	1
32	40	12
66	2	93
68	54	93
35	42	51
100	60	16
100	35	65
7	50	16
14	41	21
78	93	94
26	88	18
100	58	19
63	13	70
69	74	91
9	29	20
63	92	94
25	81	95
16	36	17
60	83	65
58	27	96
23	69	38
23	14	45
10	11	73
71	55	67
35	50	56
75	11	22
35	29	45
55	67	97
60	58	76
43	5	22
23	47	16
7	10	19
49	76	52
97	5	70
7	9	38
60	59	56
77	74	76
54	99	59
31	100	81
63	69	73
86	99	19
14	46	20
36	17	44
53	81	57
71	42	96
34	58	95
7	17	21
56	21	38
71	99	17
86	72	87
27	8	39
54	29	70
50	17	49
34	74	82
75	2	56
53	58	84
35	8	1
45	39	24
96	88	85
98	94	91
27	94	73
72	11	51
21	6	20
45	47	24
48	36	24
54	53	89
9	13	2
2	44	33
77	89	73
25	48	38
34	22	73
67	59	52
87	21	15
35	74	73
17	41	20
63	41	18
25	21	18
78	17	49
23	34	12
86	74	73
75	19	46
29	22	15
92	94	79
24	48	30
2	40	6
100	95	96
94	51	73
95	70	79
25	62	24
75	27	79
23	75	41
75	8	73
55	79	88
34	39	33
58	12	33
71	9	47
26	55	59
14	38	33
74	70	85
68	66	84
23	34	17
7	2	41
10	28	44
26	42	6
14	21	18
60	80	88
7	76	57
81	97	57
78	80	57
71	69	64
19	16	6
47	42	53
77	98	93
11	49	12
50	40	44
93	56	70
26	98	99
7	43	15
25	10	42
3	62	51
68	36	96
60	53	89
61	70	15
92	80	90
7	81	64
4	8	21
29	41	12
75	2	44
9	38	12
98	16	82
40	19	18
34	27	39
10	3	5
7	10	2
43	14	33
4	17	38
25	21	39
71	54	50
14	51	18
16	17	33
63	67	46
100	11	6
13	6	45
68	67	76
68	89	85
75	61	51
25	36	39
14	42	15
42	3	11
27	19	70
80	61	74
10	28	39
2	46	18
77	88	18
4	35	85
34	72	62
23	50	1
68	62	88
19	15	30
49	44	30
10	17	1
50	77	49
23	55	20
35	56	8
60	61	87
77	80	6
2	97	94
37	21	41
32	59	95
36	11	20
9	27	12
2	39	24
66	80	51
16	12	20
54	90	52
23	31	50
77	69	76
83	72	70
86	95	97
2	8	90
63	5	1
54	82	90
26	34	39
47	83	42
47	33	45
54	70	38
25	55	1
76	38	44
4	19	17
16	48	73
43	92	97
94	82	52
55	42	1
9	55	52
77	8	24
93	11	30
32	21	12
2	3	36
71	25	59
55	98	59
55	27	15
42	17	76
23	91	20
43	92	5
25	5	24
55	22	24
53	65	56
95	57	20
43	14	2
47	37	2
68	93	76
42	40	49
53	21	88
2	87	56
35	33	30
89	57	12
26	8	20
13	100	33
89	64	62
47	2	27
97	96	6
68	34	79
14	22	6
71	9	59
63	54	61
32	66	42
25	81	99
31	40	49
10	89	19
67	36	88
37	74	19
55	80	93
92	27	8
43	14	90
47	78	2
50	19	30
63	92	93
81	98	59
25	33	6
12	44	6
29	21	1
66	83	6
27	11	82
14	44	6
43	2	3
66	94	73
9	35	67
4	75	1
14	27	44
47	4	21
54	19	56
43	31	24
69	59	73
37	29	39
55	83	85
9	42	41
54	2	53
71	79	88
23	33	24
53	58	52
9	40	76
54	28	33
26	86	41
47	9	35
9	41	44
17	8	1
80	56	97
77	61	97
36	65	15
50	87	20
62	94	24
55	77	53
23	37	30
37	33	24
77	98	97
4	54	95
92	67	12
4	53	65
43	18	45
14	39	52
61	95	57
100	67	8
11	44	1
42	46	82
36	17	5
77	93	94
83	67	64
29	2	38
92	46	88
63	69	82
68	37	76
29	40	95
9	48	41
54	51	88
75	60	77
9	50	11
37	48	6
7	34	17
85	46	20
68	53	94
66	62	44
14	87	73
87	12	45
3	21	22
77	91	85
22	46	1
50	72	64
19	17	20
59	96	41
13	16	1
25	39	45
26	41	46
74	65	90
83	93	59
71	78	33
10	72	62
83	38	15
55	89	64
68	91	85
63	100	90
78	83	97
78	72	88
78	60	55
78	58	57
3	46	1
4	40	30
32	2	20
77	98	62
55	61	90
34	49	20
18	21	30
42	3	20
55	80	57
9	10	64
86	59	52
78	17	39
55	34	99
79	52	85
25	35	46
92	95	82
70	46	90
37	35	73
83	80	27
13	69	65
7	31	13
53	74	95
30	46	33
71	64	48
34	6	1
50	3	15
60	66	86
97	44	85
78	60	93
24	76	85
32	36	1
69	58	94
61	99	90
32	49	21
51	79	91
54	98	24
47	17	6
43	19	39
89	5	73
55	53	73
81	40	96
66	12	91
66	62	73
29	16	48
75	74	49
9	66	61
25	76	21
71	32	77
83	87	84
68	55	80
3	17	24
58	36	90
11	15	20
35	49	6
55	62	96
19	17	21
58	93	94
72	5	52
32	27	8
9	44	1
100	95	88
23	5	15
1	84	24
50	88	6
64	91	33
89	3	38
67	15	84
47	9	48
35	77	18
68	14	12
23	48	90
69	89	76
92	70	44
50	42	17
19	21	44
31	59	51
80	56	85
60	59	73
26	75	94
26	34	49
60	95	90
29	98	52
39	90	24
42	29	1
34	74	24
7	11	45
26	68	97
41	46	20
38	41	18
47	36	30
75	84	1
78	70	8
43	33	1
26	94	91
71	14	73
83	86	82
54	70	97
9	36	49
9	34	17
32	49	84
4	13	29
26	47	42
78	92	62
71	23	6
60	80	69
55	38	12
69	64	52
60	98	61
71	66	17
40	61	28
61	74	84
79	21	85
7	29	46
9	83	33
47	22	46
55	52	20
100	55	67
100	93	17
37	32	56
37	40	6
70	82	88
43	17	20
71	2	36
43	87	64
37	27	91
74	59	70
54	98	27
37	50	11
19	16	22
2	28	19
2	41	22
62	95	84
53	74	96
34	87	70
63	13	34
95	5	57
25	60	66
71	27	15
47	49	46
87	64	41
42	49	24
92	40	49
63	31	3
4	32	46
65	95	70
78	61	18
3	28	24
35	5	30
59	94	52
78	80	93
83	74	52
83	77	38
7	16	28
69	80	93
68	5	52
26	9	84
23	19	12
58	94	44
50	28	44
9	22	18
74	59	84
29	5	6
31	16	38
53	97	91
67	16	91
66	95	88
61	96	85
26	48	96
71	22	1
68	34	16
26	9	22
43	2	48
78	76	85
7	65	48
43	32	11
35	27	16
26	9	34
98	67	89
77	76	46
38	22	24
2	19	41
62	70	88
4	38	18
78	69	41
24	26	30
18	36	24
78	74	62
68	86	79
26	55	58
58	76	79
9	66	96
59	96	57
98	79	91
83	62	90
77	74	73
7	29	8
35	33	1
86	56	90
55	3	39
26	35	5
80	89	88
78	86	74
99	88	73
66	67	56
71	62	56
37	75	18
4	14	49
31	32	17
43	13	46
100	60	96
61	51	1
71	54	84
78	65	18
27	28	38
99	95	73
65	76	90
18	84	24
7	19	5
60	67	64
15	41	30
53	79	88
66	11	90
98	93	88
55	59	33
69	70	96
26	54	50
71	79	5
4	50	22
14	15	1
21	38	30
4	2	16
2	39	22
42	41	12
68	66	64
49	21	45
78	53	89
75	55	94
7	86	82
32	21	22
75	59	20
43	7	31
77	56	39
68	37	5
27	21	24
13	14	40
71	65	90
100	50	24
66	58	87
71	29	93
70	57	73
93	96	82
34	6	30
4	34	19
61	96	52
80	93	94
62	88	73
43	32	10
35	17	21
7	15	33
23	14	50
71	67	99
25	60	51
74	91	57
68	80	98
10	41	84
86	89	62
40	28	38
29	89	73
63	14	46
45	4	24
37	95	46
13	77	15
31	3	20
66	48	91
50	83	82
95	76	73
13	32	45
43	54	31
16	33	44
78	62	94
42	86	70
81	19	39
7	14	2
9	47	8
99	93	52
56	22	82
71	67	27
7	81	97
7	16	12
30	33	82
32	40	45
98	67	49
63	100	59
27	16	21
63	72	79
20	92	73
13	53	18
55	95	94
55	33	1
47	66	64
10	17	38
1	33	24
66	90	82
98	53	61
58	94	57
43	40	74
35	19	39
92	67	76
95	97	85
32	66	45
71	16	17
78	92	36
50	17	18
55	59	79
78	77	82
86	65	95
37	56	21
77	88	73
69	87	84
62	79	57
71	58	59
13	25	34
81	65	90
10	41	22
60	80	61
53	67	96
14	87	38
3	6	20
50	49	8
60	83	80
64	79	90
86	74	84
78	53	58
55	95	79
26	25	14
58	65	82
7	61	64
29	16	12
29	41	44
43	81	84
14	2	85
18	27	73
63	8	30
77	93	70
32	36	51
80	81	41
65	97	85
7	19	12
78	74	72
64	8	21
68	50	38
69	53	93
78	62	57
26	37	41
37	34	87
66	19	85
100	94	8
75	66	76
37	86	41
8	22	30
18	76	73
71	77	88
37	49	24
23	8	39
35	40	22
60	61	88
54	83	74
54	81	69
92	56	46
26	69	70
37	34	1
23	16	45
83	28	1
81	86	19
7	42	79
43	38	45
100	40	91
55	53	61
22	38	30
74	36	48
47	42	38
60	70	57
54	59	85
71	86	52
16	84	24
54	56	51
69	72	61
9	48	24
77	61	76
71	58	61
14	53	57
42	29	16
100	89	95
16	11	90
35	46	44
42	99	39
39	22	20
83	58	52
2	70	39
71	56	76
9	53	17
80	87	1
7	66	61
80	16	85
81	95	52
98	67	91
77	29	49
75	66	67
14	31	5
43	83	30
23	12	6
68	86	88
54	92	82
50	58	11
62	56	41
60	62	79
32	52	1
14	50	12
63	99	65
54	86	80
83	21	46
54	95	21
34	40	44
2	28	21
100	69	88
66	93	87
75	57	82
66	61	94
13	2	39
31	51	38
23	3	30
75	60	99
55	70	5
37	54	64
19	22	96
25	77	44
31	93	16
54	53	84
50	3	33
38	15	45
98	70	91
53	40	74
75	80	62
55	56	90
80	74	62
42	11	5
2	39	18
83	65	87
43	35	46
35	40	36
83	61	85
9	59	52
72	74	44
77	93	41
13	96	46
92	16	21
27	11	6
3	65	45
37	78	41
98	48	76
7	43	22
29	48	57
25	33	45
72	15	24
7	26	3
43	98	46
53	99	76
100	98	49
10	48	15
75	62	73
38	91	24
100	2	64
67	19	95
36	22	20
10	2	17
8	38	33
63	67	58
67	94	88
19	11	76
68	28	64
16	51	18
89	28	18
83	62	96
4	42	17
47	63	87
8	39	90
81	5	73
11	5	8
47	70	52
77	93	21
72	15	12
47	14	32
55	70	90
13	66	18
37	42	41
48	79	41
29	61	79
99	5	6
85	72	73
26	89	8
92	51	96
23	50	48
87	94	11
50	58	19
7	21	6
92	99	82
25	36	8
48	49	12
26	13	28
49	12	18
24	22	20
9	2	22
60	83	52
71	61	52
70	82	52
2	49	6
98	96	84
7	42	28
43	8	45
23	35	49
78	32	96
26	67	97
19	17	79
59	51	38
32	59	91
13	10	79
23	32	44
73	14	20
31	90	57
53	93	88
71	4	15
67	97	24
63	13	77
43	69	59
68	69	38
77	81	52
42	76	12
43	19	49
58	76	85
14	32	48
47	8	45
35	19	44
67	89	94
83	3	16
43	36	20
83	67	19
37	54	45
100	87	73
47	98	16
14	34	18
43	21	39
89	93	48
34	87	97
37	99	12
68	75	51
55	89	91
55	42	99
98	72	91
60	61	41
68	66	69
7	17	24
66	86	85
10	48	30
75	83	70
31	8	30
54	72	21
50	32	33
54	98	95
98	69	88
66	38	88
69	16	91
3	40	21
65	11	15
47	74	39
64	56	76
99	36	94
72	87	51
66	98	61
14	10	34
63	56	91
5	8	57
77	80	58
29	88	57
49	38	91
49	15	46
35	17	95
37	14	30
26	13	49
37	9	25
72	95	76
40	67	99
77	76	21
5	21	24
31	58	74
80	64	51
92	67	90
7	63	55
14	67	76
25	93	91
56	70	76
7	47	25
78	65	90
63	99	73
42	34	27
100	90	24
43	23	8
64	65	84
100	74	52
43	47	25
61	65	90
92	60	61
100	36	64
55	80	90
27	91	20
71	50	61
71	61	96
67	74	33
11	46	30
31	46	33
78	64	52
7	19	39
68	86	74
63	51	76
71	80	72
40	87	11
55	11	88
40	76	51
34	28	30
99	76	85
35	27	8
55	74	17
37	86	17
39	57	15
100	58	64
23	40	28
26	28	36
64	51	73
17	22	18
83	64	88
97	96	90
2	98	6
78	53	88
65	97	79
43	77	56
54	83	3
89	64	11
47	65	91
17	56	76
54	29	18
58	27	91
7	25	50
26	29	28
71	77	98
18	77	1
50	6	18
81	67	84
47	48	22
13	6	44
54	62	76
47	13	31
14	42	22
55	98	58
71	77	95
89	84	12
35	99	82
25	98	17
14	11	1
4	28	87
84	91	6
42	40	28
83	98	88
7	33	30
4	34	27
43	35	48
74	48	52
69	64	82
40	17	5
98	58	65
75	83	52
92	74	24
28	94	88
24	46	20
19	12	24
9	55	83
100	72	84
55	58	96
50	11	20
68	72	70
77	94	79
55	99	87
31	29	46
43	36	24
37	17	8
92	55	91
87	15	90
81	89	94
54	60	82
81	93	76
62	84	91
71	67	91
3	67	19
26	25	72
31	50	33
100	97	51
55	10	52
32	67	45
14	5	20
80	58	24
55	82	52
26	9	6
37	42	16
24	42	30
37	100	55
71	75	52
100	62	39
80	3	59
98	67	85
47	21	38
14	32	76
31	41	1
66	99	87
54	58	90
4	9	48
62	56	64
43	40	5
26	14	31
69	57	84
4	64	95
71	95	59
98	61	90
13	21	41
10	16	36
77	17	85
23	25	28
10	17	11
69	98	87
60	57	18
5	15	90
29	16	39
93	56	12
50	10	3
69	94	96
72	56	79
4	13	48
21	84	90
32	58	30
60	69	72
4	34	6
75	86	67
23	54	28
37	2	29
26	28	51
9	29	21
55	50	62
100	89	82
77	58	3
61	95	85
42	40	11
47	34	16
50	3	22
99	97	84
26	78	12
9	92	98
47	25	8
67	48	18
40	48	49
80	76	52
47	27	87
92	27	28
9	25	24
10	62	44
89	62	88
92	53	72
7	71	69
42	40	15
58	16	18
49	22	20
97	51	57
99	48	88
71	61	51
75	40	18
23	92	60
25	17	46
89	87	96
87	94	22
14	31	3
87	22	85
42	38	30
55	59	51
40	49	46
29	44	20
7	9	29
80	74	73
54	39	46
7	6	45
32	83	16
8	15	1
7	14	44
47	10	17
26	72	76
71	95	82
34	16	5
9	35	77
62	94	44
81	94	18
4	32	5
94	49	15
10	48	44
35	97	22
66	72	88
14	29	48
2	40	38
87	51	90
35	81	62
23	93	76
77	70	85
4	22	45
37	80	3
29	27	16
50	40	30
59	95	52
54	91	90
64	49	12
87	6	18
9	16	30
42	40	94
56	41	22
100	92	44
97	84	1
35	19	22
54	100	96
37	14	51
99	64	56
3	48	5
47	2	59
11	8	39
100	8	91
60	44	84
78	55	86
32	56	70
92	61	73
3	44	18
40	33	20
7	66	44
66	40	20
77	59	94
13	56	30
2	46	33
42	29	48
70	96	73
71	49	96
18	88	73
47	29	45
85	91	88
51	49	15
9	69	62
24	57	88
23	32	21
97	88	90
50	15	22
32	87	11
7	29	3
59	97	96
68	92	15
66	80	6
43	40	20
98	3	87
26	32	6
83	74	24
14	70	38
99	51	18
95	84	1
83	97	96
66	61	85
81	27	97
36	8	85
71	59	56
26	2	6
100	79	90
75	98	48
9	70	51
50	61	18
65	57	91
31	19	45
71	54	70
14	48	22
68	98	61
54	80	69
94	41	12
66	61	74
54	89	72
14	6	33
9	39	1
18	63	85
75	77	93
86	98	15
35	29	57
75	62	95
54	69	89
37	34	80
37	19	24
71	92	64
75	77	72
100	75	60
26	19	73
30	43	20
58	72	62
86	70	96
83	56	6
14	16	94
25	35	21
86	38	39
25	34	48
71	66	87
43	31	18
71	81	3
27	49	38
66	90	73
31	32	56
7	4	43
83	58	15
3	5	22
86	95	56
9	11	15
93	17	94
