71	68	53	59	21
63	66	87	91	44
43	54	50	34	1
4	14	86	12	18
66	98	99	74	84
7	50	10	44	30
26	25	35	28	18
77	86	61	74	88
68	100	66	57	52
35	59	97	52	90
91	93	87	57	52
77	83	59	51	52
43	23	34	48	5
30	68	39	46	18
30	42	5	38	45
43	10	15	44	24
30	4	16	41	18
55	98	89	99	76
55	83	53	40	94
77	98	69	87	73
47	83	27	6	45
23	7	32	35	3
43	61	15	44	30
71	53	67	62	24
53	28	64	90	85
4	61	17	8	6
9	13	35	37	19
23	4	2	49	20
75	83	65	64	6
12	89	94	88	57
55	86	93	28	91
23	14	96	33	44
67	74	56	11	90
26	14	29	67	45
14	2	3	19	21
44	14	35	46	24
13	36	38	33	24
2	98	27	21	45
26	4	32	29	5
77	86	58	97	76
61	95	76	82	73
2	19	16	96	24
63	86	80	76	51
1	47	32	48	24
100	77	69	42	84
54	78	60	93	95
53	79	96	52	57
40	19	15	90	20
78	80	53	76	6
4	25	16	65	38
4	25	40	48	17
29	8	96	33	30
29	40	3	15	41
7	71	17	39	33
14	34	98	19	11
68	69	81	72	97
31	27	48	21	20
80	93	64	70	88
81	72	99	87	74
4	40	58	16	20
100	62	56	8	96
45	85	28	22	18
14	58	15	33	41
31	32	13	17	38
26	31	34	93	22
3	16	48	5	12
68	13	77	53	58
13	2	67	33	44
98	36	5	33	44
43	10	34	11	49
63	92	60	69	79
68	83	53	99	84
100	93	65	79	90
13	35	42	16	46
83	89	72	87	51
40	17	11	38	73
71	92	100	55	1
75	60	53	61	52
60	53	72	95	79
25	50	3	84	20
92	80	87	97	91
86	89	65	79	91
98	74	64	59	57
67	74	93	3	79
77	89	65	84	85
98	93	16	97	94
26	37	47	8	12
83	74	70	88	90
23	14	69	49	33
9	13	17	48	91
23	45	37	17	1
86	74	97	76	91
23	25	61	8	45
20	40	8	39	24
55	99	56	82	33
2	16	41	33	1
95	94	11	91	73
26	92	16	5	15
37	31	27	22	33
43	23	14	40	11
9	42	40	48	15
37	92	97	88	82
71	55	89	93	88
31	10	2	44	52
30	25	10	6	20
68	83	81	34	95
69	74	72	65	93
40	72	95	94	84
71	92	81	74	91
31	36	51	22	39
90	8	22	46	20
14	27	16	5	52
71	29	76	96	57
47	13	25	80	22
4	2	29	99	45
71	68	72	84	33
78	81	99	19	79
74	16	76	79	88
75	80	95	94	90
26	13	75	34	38
31	35	16	44	20
9	2	21	39	1
9	10	50	22	1
32	19	11	21	6
68	25	99	74	97
43	4	5	8	1
68	78	93	65	52
23	40	49	39	45
55	81	96	82	88
42	93	15	46	44
7	13	31	35	70
9	14	50	65	49
86	70	94	76	82
71	75	51	76	85
92	10	42	28	5
26	13	3	5	15
26	23	46	44	24
78	66	76	96	79
23	27	15	44	45
47	34	16	17	11
30	9	31	72	18
4	40	19	15	88
14	50	25	6	30
9	29	2	11	18
9	31	50	16	36
13	32	2	61	11
4	53	72	59	85
26	43	31	32	16
71	68	77	88	33
31	89	19	11	18
95	11	5	39	44
78	55	53	72	52
26	16	19	22	33
54	60	53	51	57
35	32	99	5	1
86	89	67	79	91
66	86	87	57	20
78	92	86	61	72
13	50	32	8	21
47	37	40	99	44
31	74	36	6	20
7	14	83	3	17
54	92	86	8	82
37	34	29	42	20
7	100	86	98	81
35	49	39	12	76
4	29	3	76	39
81	67	87	96	82
26	67	72	64	91
47	78	50	6	1
43	14	32	2	24
43	32	74	48	8
54	68	63	76	88
72	70	51	8	82
10	98	41	22	18
47	50	29	16	30
55	69	62	79	88
54	14	28	49	20
68	66	53	65	95
78	83	81	64	88
43	35	42	16	20
20	4	15	57	1
37	31	19	8	46
50	3	22	44	96
47	37	42	48	84
7	77	3	22	45
60	89	72	64	79
54	86	80	40	94
85	9	40	36	45
23	13	21	33	24
63	50	62	76	57
7	47	25	36	24
71	68	75	66	12
43	9	14	34	44
14	19	51	15	44
67	40	87	65	95
63	75	79	96	88
20	47	25	92	24
23	37	86	5	24
4	35	10	89	48
92	95	70	88	12
80	98	99	87	52
4	14	54	17	41
92	75	98	8	52
26	10	19	38	1
92	83	69	64	91
75	50	65	57	85
86	58	67	64	85
25	35	58	49	38
23	37	71	28	44
78	100	80	53	76
63	72	65	62	76
71	100	58	79	91
14	55	42	34	28
68	78	53	74	84
50	27	17	11	12
9	25	10	3	30
89	61	65	59	36
63	58	99	74	85
77	69	34	93	96
52	92	87	88	90
100	92	69	56	79
43	34	40	46	12
7	37	10	27	48
37	31	77	39	21
43	29	36	5	21
47	29	40	2	28
32	50	19	36	39
34	2	27	38	22
37	14	32	12	52
50	32	29	40	65
35	27	49	33	85
7	5	41	82	20
43	4	14	7	9
71	69	62	87	85
26	31	32	19	15
71	54	92	69	73
63	83	98	86	96
100	66	64	94	51
37	13	28	94	6
68	64	59	79	57
53	51	76	5	73
67	95	21	84	82
35	98	87	82	84
32	34	2	79	21
68	32	69	57	52
77	98	93	17	91
7	34	74	19	28
43	58	28	11	18
100	75	72	76	8
37	47	29	48	8
83	81	94	57	24
85	66	93	70	73
75	53	56	79	73
50	53	99	87	97
47	77	5	21	12
9	48	11	38	39
68	75	98	62	88
23	14	34	29	5
4	69	19	49	33
54	92	77	95	57
37	92	53	64	84
68	35	83	72	51
24	29	15	6	30
23	25	32	27	87
55	81	95	59	76
63	68	83	66	93
10	58	27	16	48
37	14	34	21	38
75	66	98	80	99
50	27	95	49	5
68	75	60	3	85
7	9	50	21	18
81	58	74	72	57
63	100	80	67	40
68	55	97	76	88
78	60	77	8	57
75	65	62	76	15
84	53	65	88	85
54	2	72	70	52
50	19	36	11	21
25	17	5	39	6
83	98	51	91	88
92	89	8	91	73
63	92	67	46	73
43	14	79	15	24
55	42	36	38	12
68	78	55	80	11
45	26	15	46	18
4	40	11	41	24
75	69	89	53	79
43	36	17	21	44
57	78	42	82	85
31	55	42	40	38
23	32	21	22	24
84	63	89	57	90
13	17	15	21	30
32	67	51	57	88
25	29	16	39	45
69	95	76	57	85
43	42	29	36	41
23	4	3	28	22
68	100	83	79	88
100	55	92	60	17
32	19	17	8	44
14	2	41	46	1
23	14	50	12	1
14	28	48	8	79
7	68	94	88	73
25	35	5	38	6
7	29	28	11	33
47	10	28	49	38
91	4	3	46	20
63	42	28	22	45
4	10	35	42	15
26	43	55	28	24
63	58	65	15	57
29	40	5	33	24
43	9	2	27	12
23	34	3	46	30
13	2	64	49	24
82	60	83	57	84
66	69	95	51	79
31	81	86	95	94
9	42	81	49	8
55	66	93	51	1
75	77	86	51	84
87	94	79	96	8
23	100	60	98	52
78	60	72	93	21
55	83	69	79	90
75	55	94	76	97
43	47	25	14	9
34	3	17	22	1
44	54	25	6	1
43	4	14	10	67
75	93	94	84	85
13	14	40	15	84
31	89	93	56	70
98	72	16	56	57
23	50	42	79	1
100	67	17	82	84
26	34	36	15	33
63	93	87	91	85
7	37	13	35	29
24	18	2	44	45
13	25	29	69	11
60	87	97	76	49
37	50	40	8	18
26	34	3	19	1
99	65	97	94	84
68	100	98	39	88
98	81	74	27	94
2	27	99	22	46
42	16	48	12	20
71	63	100	34	73
26	92	29	19	22
32	48	5	39	51
66	98	94	82	84
23	89	74	96	90
92	83	58	90	57
83	53	62	64	76
71	55	80	67	90
47	4	25	42	33
7	32	87	5	49
69	89	81	36	95
78	80	93	91	24
54	31	81	62	52
47	42	66	27	8
7	100	29	5	15
54	92	61	11	88
77	80	53	61	27
54	75	81	70	85
47	66	17	12	44
66	65	76	91	84
71	74	64	5	82
92	66	80	94	51
20	55	95	84	73
66	93	79	57	85
37	95	70	96	88
98	89	67	95	59
80	89	87	91	85
78	100	83	57	85
82	27	5	6	24
40	19	15	22	12
68	92	83	98	3
7	27	39	82	18
86	87	59	88	73
10	34	53	48	5
23	9	32	3	20
55	72	93	99	94
98	89	72	62	64
10	27	41	33	6
31	66	69	90	73
25	58	74	88	85
63	92	55	53	84
63	100	55	72	59
23	66	2	27	18
68	78	74	97	91
92	2	19	17	46
68	60	66	59	84
47	3	65	8	30
47	14	79	38	45
55	48	97	57	73
63	81	86	98	73
78	55	66	53	52
4	54	3	27	46
35	28	51	6	24
23	47	14	37	42
71	43	65	94	82
92	55	25	95	51
42	29	41	52	45
60	80	51	82	91
81	80	61	90	1
92	83	27	70	82
71	63	80	70	22
54	66	58	61	96
45	29	17	22	18
37	14	40	8	24
78	86	76	84	85
63	47	93	97	76
54	81	94	15	85
69	81	29	65	94
66	83	67	40	88
83	89	64	70	30
7	100	89	72	90
13	29	36	38	73
75	62	87	70	52
4	35	17	22	46
25	40	48	96	6
47	9	2	28	5
67	58	94	96	57
14	34	62	49	46
68	75	100	93	51
9	25	14	17	21
54	50	69	76	84
75	58	93	82	33
71	80	61	74	99
43	14	34	38	20
43	34	99	38	24
55	98	93	11	51
23	31	27	46	12
42	81	11	21	46
55	56	97	38	85
54	83	93	97	52
9	34	27	6	18
32	42	19	21	84
9	28	5	15	6
92	55	81	61	96
100	60	89	95	97
24	55	98	82	73
61	99	74	95	51
92	77	64	36	76
71	72	70	90	52
25	27	95	11	8
2	40	11	6	18
54	99	93	95	57
63	92	55	80	89
43	54	17	5	41
71	68	55	51	88
14	100	27	39	41
98	99	59	57	12
9	50	16	62	41
13	3	16	15	6
43	4	29	17	95
2	28	16	49	91
92	19	94	97	91
14	35	42	27	20
68	65	64	94	18
7	37	14	31	16
2	3	93	5	39
31	10	3	8	39
31	55	83	74	79
23	56	97	94	59
25	35	17	5	8
54	77	74	52	73
25	19	97	33	45
75	32	97	51	94
61	95	70	51	84
26	25	86	22	6
45	29	99	6	1
55	69	67	76	20
100	75	31	81	93
77	89	59	70	15
85	4	42	22	24
54	92	62	97	57
71	100	31	58	97
14	50	27	19	49
71	55	69	64	49
68	55	34	86	65
23	36	49	21	24
45	31	34	77	30
7	32	28	49	41
77	89	3	84	91
71	75	83	38	85
26	8	41	15	44
78	69	89	36	88
9	98	11	21	41
40	72	41	33	20
4	9	10	77	19
98	70	79	51	76
42	11	38	96	20
71	37	49	15	33
81	80	53	76	57
55	69	58	98	51
62	95	70	79	96
23	45	36	82	30
69	93	59	57	18
35	10	36	22	21
7	4	20	11	18
54	66	93	95	96
69	40	65	94	84
7	47	13	28	12
43	40	19	11	8
72	19	11	22	46
71	47	70	51	57
13	19	15	22	6
54	55	83	97	57
23	86	89	74	51
3	40	28	49	18
4	2	11	21	46
54	68	99	59	85
71	75	32	88	73
80	59	97	57	45
30	24	29	17	18
68	31	83	67	97
58	27	36	6	12
47	48	41	15	18
45	95	49	46	24
26	12	22	6	24
45	25	8	21	20
24	50	15	46	30
37	67	16	12	20
9	92	67	74	76
83	89	99	62	94
100	60	98	65	95
71	43	65	56	70
7	13	39	12	30
71	92	99	94	39
32	2	36	22	30
85	35	66	90	73
4	40	67	36	45
63	77	83	69	59
92	69	81	51	90
31	34	2	38	82
26	68	76	96	82
71	63	51	79	45
100	72	61	95	91
23	48	21	33	84
68	86	2	87	94
13	35	31	22	44
71	68	80	67	59
74	93	87	62	52
75	55	25	95	57
71	89	74	58	11
9	47	2	17	88
10	42	15	90	18
52	75	62	90	85
63	60	53	62	88
92	83	66	61	51
69	94	76	96	52
63	55	77	86	84
10	35	40	61	33
100	78	98	56	57
71	60	99	79	91
3	5	39	21	6
91	67	96	57	73
54	61	93	96	39
63	59	8	57	88
32	29	22	21	18
71	81	99	93	88
71	10	81	80	96
7	50	35	34	99
13	27	28	12	24
25	2	3	44	20
63	100	55	77	53
35	10	32	67	38
43	4	37	57	20
63	17	5	6	46
50	58	48	38	44
9	31	42	67	19
43	47	8	22	45
78	60	80	87	88
66	80	83	74	73
10	80	58	93	96
60	2	67	99	90
31	29	3	41	30
9	34	48	79	20
80	89	61	19	56
75	93	59	82	52
55	77	36	76	96
1	34	42	44	20
66	58	3	91	88
75	53	98	61	36
14	35	31	48	49
43	10	42	95	39
6	13	19	46	24
13	2	41	6	21
45	81	21	39	18
23	50	34	35	38
42	53	89	51	76
81	61	76	91	73
63	81	67	51	88
68	53	89	97	90
9	10	34	41	90
13	92	2	5	30
53	99	64	5	57
47	2	76	39	12
23	7	13	32	21
7	10	99	39	15
37	29	99	16	1
53	61	56	59	94
4	50	2	12	45
57	10	11	44	12
10	34	2	40	16
54	100	77	66	82
63	66	77	62	90
92	72	76	96	91
9	69	87	62	76
68	47	89	61	56
3	36	56	33	44
91	100	72	57	73
72	62	95	51	49
54	75	60	94	21
6	62	59	90	82
63	69	80	65	56
92	100	58	99	64
63	74	99	87	18
31	19	56	49	18
23	9	13	81	8
86	3	5	39	12
50	65	70	96	84
43	4	31	58	24
7	35	60	15	24
63	68	69	62	88
3	48	15	39	30
7	36	87	39	22
26	31	77	17	6
63	60	53	70	24
68	83	98	58	79
13	10	35	22	6
71	37	36	21	6
75	95	59	22	52
82	54	66	57	84
25	40	8	49	33
9	10	29	2	5
31	40	36	5	39
10	34	21	22	85
7	13	48	46	45
37	47	16	49	15
63	53	87	51	88
9	31	78	19	17
98	67	99	79	96
63	100	80	27	59
7	42	65	5	12
66	58	56	70	22
4	32	64	33	30
43	9	16	8	46
63	75	69	58	62
92	83	58	88	33
7	13	31	17	70
20	42	40	16	18
26	43	14	35	24
43	42	16	5	30
23	9	13	16	33
92	89	99	84	52
7	47	5	38	33
68	55	80	40	51
81	86	74	64	79
26	47	27	15	6
77	53	58	80	93
43	7	29	19	30
86	67	59	79	18
63	75	72	48	91
71	83	81	86	93
42	2	72	11	21
4	67	28	39	45
63	42	53	95	76
77	74	59	79	84
69	81	27	93	87
13	14	42	34	19
47	16	38	33	18
68	100	60	76	88
71	63	62	95	85
68	83	53	40	97
43	35	27	36	11
3	27	19	89	46
85	47	34	22	18
100	77	94	96	85
26	53	89	94	85
26	13	66	3	15
13	29	36	38	91
71	80	19	88	90
68	78	3	95	84
100	80	99	59	70
32	42	15	6	52
26	69	89	74	52
20	50	35	56	30
14	59	95	52	90
43	50	29	27	19
68	78	31	94	85
54	92	55	58	97
100	59	70	57	82
71	74	93	76	91
7	32	17	65	15
75	55	69	65	95
71	47	66	95	73
72	64	95	51	52
32	99	15	44	18
34	29	3	15	6
92	100	75	64	88
77	2	64	97	73
98	80	65	94	82
53	56	11	51	96
34	81	19	22	18
37	3	51	39	1
60	80	69	96	52
100	28	19	38	46
86	89	70	79	94
50	40	15	12	20
54	100	58	65	97
75	14	53	99	70
1	54	81	70	85
26	47	39	46	6
54	86	89	74	96
50	27	48	91	1
80	99	93	72	79
83	98	94	91	88
68	37	81	56	52
26	50	48	57	1
63	60	89	96	91
23	1	45	4	20
14	32	40	28	45
30	72	62	64	85
80	3	59	94	90
9	47	42	34	65
7	14	31	49	1
82	32	48	6	18
9	2	17	5	38
65	59	64	62	52
23	43	13	4	45
4	14	75	2	48
68	50	32	15	41
43	9	10	5	18
32	2	40	28	46
24	47	16	21	20
60	58	93	56	12
68	2	29	27	18
43	31	89	48	12
68	78	86	70	57
60	81	65	94	57
23	13	79	44	46
37	10	34	21	1
85	7	93	91	82
43	4	49	38	12
74	94	76	52	84
32	51	15	44	22
92	86	56	70	18
63	87	96	82	57
63	68	99	94	11
20	68	94	96	85
57	71	89	90	85
63	54	53	93	64
4	3	16	15	30
82	53	93	88	85
4	29	36	8	44
43	66	86	80	76
53	93	65	90	57
69	16	64	59	91
53	58	93	79	73
63	65	95	82	85
43	2	29	28	45
68	27	28	19	8
37	32	42	40	44
55	42	89	97	52
24	20	13	10	1
63	92	93	64	84
71	63	42	89	88
7	28	38	46	20
55	35	53	97	96
71	54	13	60	52
71	83	66	76	51
91	89	28	52	85
43	9	35	44	45
32	17	49	39	18
10	35	42	19	51
34	80	87	76	91
75	83	89	72	90
66	89	56	91	57
26	7	17	76	45
71	92	77	17	70
42	3	16	33	44
91	59	76	88	73
71	79	51	82	44
7	31	50	28	8
78	66	98	67	62
54	36	22	46	15
24	47	10	2	45
45	14	29	3	30
9	68	49	38	12
68	66	58	38	84
75	86	58	84	18
3	27	17	44	45
25	32	48	8	46
71	69	72	70	24
54	83	53	59	94
60	72	93	61	56
68	64	51	91	82
31	34	8	15	30
89	61	64	79	76
25	32	31	29	6
25	31	16	11	30
68	92	59	97	22
35	2	29	28	5
75	60	5	91	73
23	50	29	28	21
47	14	81	22	12
61	49	39	46	15
14	32	42	46	1
7	54	13	29	18
29	28	19	62	21
68	100	54	66	58
23	26	10	48	85
7	37	23	99	22
90	47	37	33	44
92	86	96	57	85
4	14	48	41	6
50	3	39	22	45
16	17	5	33	88
32	29	16	36	51
54	77	56	97	46
27	65	59	52	90
45	29	97	8	20
100	83	58	65	96
92	97	70	52	57
100	56	76	49	88
71	63	86	84	46
37	50	29	8	46
43	25	40	36	22
25	35	50	76	41
65	64	97	94	57
75	77	98	64	65
25	32	10	76	20
9	83	86	95	94
47	14	27	19	8
32	17	48	94	30
26	37	25	49	20
13	10	42	32	8
47	10	34	28	24
66	53	59	70	96
23	42	40	5	18
43	2	48	49	30
92	100	58	96	91
54	55	81	67	6
9	14	16	33	24
77	65	59	79	6
3	56	49	46	6
4	25	35	38	88
37	25	14	17	20
63	68	83	58	73
26	14	35	19	39
78	92	14	58	88
44	97	51	82	73
67	19	49	8	45
23	47	7	31	22
32	42	2	3	41
92	81	67	88	73
4	11	5	41	12
100	66	53	93	52
71	63	56	79	5
78	60	27	97	88
35	17	95	39	33
23	43	38	22	44
2	28	15	39	18
63	77	66	17	73
47	2	16	15	91
50	40	3	36	38
7	9	25	49	21
83	29	72	95	90
50	32	34	3	21
50	3	16	65	30
71	78	13	98	58
13	81	87	56	79
78	75	69	99	79
77	98	28	65	94
13	50	61	17	20
68	92	61	96	91
7	13	35	14	94
58	70	79	21	73
13	34	21	41	1
42	89	8	41	46
26	32	27	36	59
2	72	94	79	96
92	53	89	76	73
63	69	53	48	91
68	55	80	2	57
94	5	22	33	18
68	55	39	52	90
75	65	76	90	33
60	69	87	95	85
