35	86	38	30
87	38	12	15
71	68	74	62
26	34	72	5
62	87	97	12
47	75	78	52
37	99	56	70
37	10	36	15
23	5	49	44
23	17	49	39
78	83	62	79
24	92	90	82
9	32	93	8
43	5	41	22
25	10	15	30
75	81	56	38
11	5	79	44
60	69	94	57
14	80	27	19
9	32	28	21
9	3	27	18
43	31	32	42
9	93	6	1
30	76	52	90
43	7	92	16
32	81	72	97
55	35	86	98
23	26	80	36
42	72	52	73
66	69	58	79
32	36	17	57
43	78	10	36
54	78	92	41
2	65	51	57
14	42	17	39
98	61	70	85
31	34	72	38
66	79	52	84
80	89	74	61
37	35	49	5
53	87	36	91
34	27	49	21
7	9	31	67
18	25	90	30
63	72	65	76
7	4	17	85
80	48	21	20
71	53	95	76
100	65	84	85
34	3	11	45
60	98	97	38
3	97	82	84
66	97	79	24
13	32	17	49
63	78	74	70
10	2	28	11
50	40	65	38
68	35	5	24
100	92	97	18
47	50	40	39
56	76	88	84
7	31	16	22
4	50	10	15
60	29	5	1
4	62	49	8
71	83	58	39
92	72	97	88
43	41	52	30
4	14	15	88
98	97	79	20
58	65	96	82
80	27	95	76
81	74	65	94
55	10	61	82
23	2	8	33
42	69	74	73
29	19	36	94
63	92	87	52
55	53	70	39
55	89	97	85
85	34	12	18
98	65	76	79
71	81	93	30
100	58	21	85
80	69	52	30
23	29	48	20
78	69	67	56
24	66	80	73
14	35	34	21
47	55	86	58
26	34	95	18
55	61	99	62
98	93	65	85
55	40	17	12
73	95	88	52
32	27	38	45
67	28	84	73
68	100	84	44
60	3	6	20
92	81	58	51
45	42	49	1
72	65	79	88
43	37	2	41
7	68	58	74
43	50	72	19
23	13	58	21
14	49	96	44
61	28	97	84
63	68	74	87
69	16	41	24
25	28	21	96
7	43	23	88
35	29	70	24
92	93	64	73
48	49	22	6
99	72	97	57
63	74	65	59
75	100	89	61
54	9	90	82
47	40	36	51
25	35	55	2
50	55	27	39
13	19	95	8
2	22	82	1
68	67	79	46
55	53	98	49
60	83	81	94
55	98	89	93
23	50	10	40
75	69	93	90
40	72	36	39
31	64	44	1
54	61	65	6
92	14	95	91
78	58	64	97
74	61	99	97
100	66	99	65
86	99	51	82
26	31	11	90
34	97	38	12
58	64	96	90
35	80	67	85
68	66	89	18
23	10	3	1
63	81	86	69
71	77	81	88
35	86	67	94
23	13	35	60
32	35	17	44
68	32	53	85
7	25	39	46
75	69	6	85
34	66	48	24
60	66	96	38
63	99	95	38
85	34	38	1
27	41	38	15
60	81	58	89
55	66	81	73
31	10	2	20
10	93	51	96
63	66	84	18
86	99	93	84
26	35	19	73
7	11	33	18
47	68	16	18
32	27	38	88
43	4	5	79
4	80	19	48
9	37	48	49
34	40	8	45
26	95	51	90
4	93	41	45
37	14	5	79
7	4	93	15
35	66	99	97
37	60	69	88
78	65	51	15
92	80	72	65
4	40	3	56
43	35	34	36
13	32	60	21
67	79	96	6
61	99	79	91
47	2	5	18
66	62	56	90
83	87	70	51
43	60	55	61
16	38	33	46
23	29	8	6
75	95	96	1
23	60	81	85
75	13	59	95
25	13	16	48
60	69	84	90
55	80	29	99
61	74	48	76
14	27	61	17
71	83	64	91
100	80	90	46
10	19	70	1
32	60	21	44
18	38	21	45
23	76	38	6
43	75	42	24
87	56	51	84
66	74	57	18
60	81	56	39
31	60	89	57
93	62	39	57
83	86	84	85
42	38	6	15
35	34	11	46
25	34	16	30
23	19	21	18
47	50	19	88
55	86	56	85
83	53	74	96
63	34	98	52
13	96	44	24
50	10	29	17
58	79	38	91
68	42	97	76
23	67	22	18
13	31	48	8
77	53	76	8
26	9	81	22
35	34	3	84
81	62	79	12
43	47	92	36
7	31	50	11
55	27	90	57
31	86	93	65
7	9	14	85
26	10	27	49
68	78	72	85
99	95	88	46
32	50	34	33
23	7	36	11
26	34	16	95
47	2	40	52
98	2	93	56
55	74	91	12
63	78	65	52
43	75	5	8
23	26	8	12
26	31	40	17
68	75	51	73
87	22	52	73
80	79	91	18
63	60	90	88
80	69	90	1
43	54	67	57
47	28	33	45
31	27	41	44
47	86	95	56
35	81	99	95
9	5	21	88
53	76	91	88
92	10	70	94
67	72	94	8
100	80	72	51
86	36	22	45
31	92	5	24
4	40	8	18
54	78	34	69
25	83	95	70
54	77	97	21
85	42	6	33
34	29	3	70
34	97	70	88
54	98	44	85
60	98	91	12
40	16	8	15
23	92	77	97
71	4	100	62
75	53	67	18
78	10	32	3
7	26	36	12
14	81	65	88
4	83	86	72
54	58	93	79
4	100	48	49
47	37	8	24
28	62	15	24
29	49	22	41
26	34	74	19
40	8	79	12
69	62	97	22
30	34	87	18
75	19	62	52
63	2	72	64
43	31	12	30
77	74	99	84
13	60	91	73
98	5	22	30
43	4	17	46
9	31	10	45
37	25	92	49
42	86	28	30
7	15	21	30
13	11	22	84
47	87	79	51
78	14	53	74
23	9	34	65
14	83	93	64
75	100	98	62
60	69	99	56
80	5	15	20
10	77	19	16
13	50	27	21
81	98	86	84
98	67	76	96
77	86	98	96
68	74	19	96
34	28	49	12
80	87	88	57
26	59	96	91
66	65	82	85
25	41	33	30
7	49	8	85
9	31	14	19
54	69	56	8
7	9	54	2
60	77	67	51
3	27	17	64
37	36	41	85
68	83	70	51
26	37	2	1
89	62	70	91
83	53	27	64
54	9	95	76
80	67	89	57
92	60	55	96
47	60	83	97
10	40	17	64
78	83	95	91
13	50	56	21
75	19	97	82
55	60	72	18
83	81	72	88
25	5	15	12
71	76	82	6
75	15	12	18
7	17	44	18
18	85	16	24
47	35	2	89
9	67	38	44
60	83	39	57
27	48	11	44
55	86	74	62
77	53	61	74
14	58	28	20
64	95	91	82
85	53	29	73
1	47	64	18
80	70	79	88
71	100	89	51
55	83	77	67
71	92	22	88
23	14	19	5
35	77	72	76
43	37	59	11
2	40	84	24
71	54	63	90
6	67	90	88
34	28	12	45
85	3	49	18
88	61	82	84
28	70	41	12
54	93	62	46
5	39	33	20
53	99	62	91
55	34	95	82
68	78	64	56
24	14	36	18
92	86	70	91
71	81	64	82
78	66	57	82
14	99	93	94
25	31	27	97
77	28	51	91
23	37	89	44
50	87	94	96
16	94	49	20
78	92	55	91
43	63	10	33
100	56	79	90
10	83	74	70
26	25	28	46
50	77	56	59
25	35	78	18
4	50	27	39
99	62	41	52
64	94	88	6
42	34	66	45
49	21	5	45
9	76	21	20
14	40	58	44
71	4	69	79
47	42	86	6
83	53	89	2
43	86	59	96
72	61	70	11
23	13	29	44
37	74	62	56
9	4	99	5
25	16	5	46
40	87	59	88
23	34	11	21
70	38	46	21
26	9	14	40
100	78	59	57
13	29	36	87
72	97	70	91
71	25	55	69
18	31	2	1
37	16	51	20
89	64	11	82
37	35	74	49
29	27	11	94
63	86	74	38
26	4	31	93
7	74	16	11
19	93	49	8
59	95	90	1
78	74	76	30
9	2	86	49
85	65	82	73
93	64	59	5
9	65	22	1
40	11	12	1
43	9	34	48
55	83	53	69
54	14	81	89
26	37	2	19
36	38	15	22
68	67	16	62
31	10	87	45
40	93	48	8
13	2	8	12
69	61	36	95
49	15	51	18
31	74	22	6
31	16	44	45
34	67	93	76
26	78	87	56
4	10	29	45
71	48	49	46
34	3	49	41
31	42	95	49
9	34	36	12
37	4	78	28
81	16	64	62
35	55	12	45
47	69	95	76
9	48	17	45
37	32	48	33
47	13	9	64
31	10	29	24
29	21	12	30
4	55	53	72
68	14	35	36
35	16	96	44
67	70	8	82
25	31	77	6
43	13	32	6
80	98	59	57
81	21	84	85
63	53	74	56
23	17	82	18
32	42	16	48
25	66	98	59
50	99	70	79
23	4	47	16
31	16	49	1
36	41	39	96
54	92	95	96
43	14	69	12
80	41	88	84
92	89	58	51
7	40	17	5
43	32	36	30
58	62	97	21
60	95	59	5
63	75	87	62
60	66	27	88
99	19	48	5
24	47	22	20
49	41	39	44
26	35	11	46
27	38	84	18
68	69	65	88
7	71	35	17
55	3	95	97
77	69	94	73
43	10	19	90
86	27	12	30
63	92	66	21
80	89	56	41
23	32	74	44
68	77	58	59
54	14	77	98
14	28	15	30
98	67	94	22
27	28	70	49
83	64	95	48
78	32	58	62
37	9	10	48
55	16	11	6
4	48	8	45
69	27	94	85
11	22	46	15
4	83	48	5
55	66	81	34
11	76	51	57
23	69	8	39
55	80	70	15
4	25	53	38
65	39	6	45
68	99	96	6
92	56	96	24
71	99	57	46
31	55	89	76
25	75	40	20
63	80	53	91
55	50	72	62
77	69	56	41
68	95	70	39
66	80	70	76
54	27	93	90
78	11	15	38
31	93	22	44
68	83	95	20
63	42	51	96
72	87	62	91
78	62	90	20
29	2	27	45
63	80	51	91
99	61	11	88
13	69	62	52
43	28	12	88
75	67	89	85
66	77	89	1
43	78	72	65
47	29	38	33
4	17	39	33
14	83	53	98
66	87	56	57
55	77	62	18
23	42	29	17
100	92	66	65
26	55	86	88
83	62	96	90
21	41	46	44
68	69	40	73
48	36	11	91
100	77	95	90
32	40	22	18
78	80	64	76
29	2	62	1
47	83	28	19
86	62	95	90
54	78	44	85
34	8	22	44
50	28	11	57
26	63	69	57
23	42	48	41
43	35	84	20
64	97	41	91
86	98	19	94
43	26	19	49
54	32	77	59
78	64	82	85
83	81	99	17
55	77	95	5
77	86	59	96
100	28	59	95
72	64	70	88
71	92	58	21
7	37	47	70
7	4	42	33
69	93	51	8
7	63	50	40
34	64	56	73
54	89	65	96
67	28	62	88
71	95	57	12
78	61	56	39
4	10	22	1
63	14	53	67
25	42	2	16
83	61	65	70
4	60	59	97
45	13	8	18
7	47	49	57
75	58	67	93
68	74	65	62
100	53	36	79
13	34	91	45
42	17	41	24
9	32	29	16
37	9	28	44
77	58	3	87
71	9	21	38
10	74	28	41
31	34	29	30
50	93	44	1
16	79	15	24
42	86	80	70
23	2	16	12
23	37	16	49
50	28	11	49
36	49	21	41
75	69	53	82
77	98	72	51
83	62	79	85
75	87	51	85
66	17	49	24
32	87	49	22
92	55	49	91
25	35	97	24
7	18	21	20
71	78	84	52
55	51	84	24
7	23	46	82
65	56	94	62
67	94	51	91
53	95	97	73
7	42	29	91
60	62	84	44
54	89	82	88
54	69	65	79
54	9	76	88
80	89	76	20
54	80	72	57
54	68	65	70
4	50	80	28
68	62	46	73
25	13	11	90
63	4	55	98
92	60	99	95
83	53	28	56
20	35	44	18
53	3	93	90
99	87	94	52
34	48	33	46
47	50	39	20
77	64	17	94
43	31	48	79
23	37	32	11
66	58	19	76
23	13	38	24
67	16	64	91
78	29	22	6
54	13	58	73
31	27	11	15
92	72	57	45
9	29	21	30
78	83	67	72
10	99	5	44
68	58	36	73
68	98	11	90
32	34	89	22
89	70	11	82
4	66	49	41
43	22	33	6
78	95	15	52
42	58	28	16
14	36	11	41
23	32	83	3
31	50	75	49
34	53	95	56
78	76	52	45
26	23	100	12
7	16	11	79
100	55	77	94
43	69	52	88
10	67	19	24
50	66	83	82
92	53	76	20
23	34	27	1
35	42	65	30
85	92	57	82
58	17	56	70
3	16	15	33
9	3	99	5
2	86	22	33
50	51	6	45
42	81	41	30
50	2	46	1
5	22	91	30
52	37	6	12
54	92	100	44
83	98	90	73
7	23	3	39
99	51	91	85
69	65	90	1
1	69	67	85
23	3	48	22
68	58	97	73
25	2	16	46
100	19	5	39
43	3	28	91
18	47	43	1
26	4	35	24
47	14	27	39
13	50	98	36
100	13	66	72
32	86	48	15
25	99	96	52
2	39	88	30
47	49	21	20
53	87	65	88
32	10	28	16
58	99	95	73
6	62	88	85
47	14	29	87
35	19	48	20
77	72	93	52
9	31	98	16
13	39	6	38
13	8	52	1
47	58	21	30
9	25	41	15
100	11	5	49
32	77	15	1
42	79	15	46
81	61	27	65
37	29	65	1
98	61	19	88
43	81	69	57
71	42	52	91
4	5	88	20
92	19	17	46
43	63	13	6
83	93	48	88
75	83	69	30
26	17	64	22
43	31	17	8
4	11	49	79
60	10	80	58
68	69	53	46
7	37	35	29
23	7	9	19
55	66	91	30
89	94	52	84
37	83	89	61
77	87	62	15
37	55	94	76
71	92	55	49
27	17	56	49
3	27	59	21
29	41	21	24
4	35	11	21
55	2	91	90
31	2	56	1
86	72	62	73
43	5	44	73
61	62	57	6
92	72	94	18
68	14	83	70
26	40	6	1
25	81	5	15
18	31	98	45
23	10	72	5
31	50	15	30
86	94	84	57
46	28	6	18
23	48	94	46
26	66	81	73
87	56	79	30
7	26	29	36
7	55	46	33
9	80	93	91
25	32	13	36
23	13	5	8
55	27	12	30
9	28	44	20
66	56	96	91
26	30	54	45
7	40	49	6
43	47	36	11
81	87	48	85
54	68	51	90
23	50	49	38
67	16	5	20
7	3	17	1
79	51	38	73
23	54	10	34
32	95	38	45
53	98	80	51
54	74	36	91
92	61	94	1
13	32	34	11
37	47	29	49
2	36	56	38
92	99	70	57
50	34	89	44
4	72	17	12
26	64	39	30
93	87	56	76
42	27	17	21
23	35	2	3
29	62	11	44
63	60	80	94
47	98	67	61
16	65	59	52
7	43	23	64
75	60	95	82
37	19	8	90
62	59	64	30
66	69	67	28
67	3	76	79
67	89	96	52
4	68	34	46
61	64	51	96
78	77	74	28
66	99	36	73
23	25	41	33
54	74	49	88
60	64	52	73
75	53	67	56
75	35	69	82
54	55	86	51
13	77	53	95
26	98	41	18
78	60	3	96
31	32	25	49
4	40	36	33
60	74	51	91
78	97	76	52
23	80	36	22
42	29	16	22
4	5	38	44
1	25	36	18
37	29	3	19
54	53	88	52
55	94	21	91
72	93	99	44
66	53	76	88
78	93	48	51
56	76	57	91
81	65	70	90
23	32	34	41
50	39	6	52
30	42	41	24
71	86	90	73
99	87	51	76
59	70	84	24
66	99	95	84
60	98	65	57
47	31	19	93
34	3	61	8
45	69	8	18
66	39	15	24
37	31	9	98
23	50	84	45
90	54	52	88
37	81	48	39
60	81	94	84
43	17	56	21
43	13	16	15
54	63	99	1
55	98	58	69
75	80	27	79
55	65	41	82
80	28	6	18
37	92	44	12
92	36	88	73
7	53	49	15
98	79	96	84
10	40	22	44
47	31	62	21
54	9	62	64
93	64	95	70
63	19	15	18
70	97	96	88
26	83	89	97
92	80	64	95
31	95	41	18
43	97	76	88
34	89	59	82
54	60	59	88
35	60	16	6
85	58	95	73
72	27	65	70
78	77	89	22
4	38	39	22
25	40	6	12
36	17	94	30
75	86	70	8
31	77	21	1
92	36	11	1
100	53	69	97
4	31	2	38
86	81	65	84
2	17	21	1
43	26	44	18
61	87	82	85
7	72	57	84
40	19	93	46
7	31	29	27
71	80	2	72
7	54	13	14
47	53	98	62
77	93	65	97
89	87	79	90
47	53	62	91
18	37	46	45
9	78	98	65
63	87	64	85
47	11	46	52
73	72	82	85
50	10	57	1
69	62	51	18
63	66	61	56
4	86	28	12
16	93	12	20
55	77	81	15
40	27	16	30
43	31	25	94
47	14	32	3
72	59	70	96
72	61	65	91
75	53	97	52
60	74	62	97
83	2	57	88
2	16	95	24
86	16	36	1
14	77	19	16
64	94	41	91
42	93	51	85
23	54	80	74
63	50	64	76
43	63	96	84
58	67	5	88
23	27	22	46
71	55	57	90
100	62	64	96
100	89	61	84
9	40	19	59
26	35	27	20
45	3	36	30
13	19	16	79
100	83	76	44
78	51	41	73
31	16	48	15
68	99	79	6
77	72	59	76
68	29	48	21
25	55	46	20
98	89	52	82
63	83	98	30
71	80	69	12
71	72	28	59
26	47	8	15
92	81	76	41
60	77	50	91
80	69	99	17
42	67	48	30
14	10	36	45
89	61	56	85
30	27	56	1
7	4	94	33
23	68	67	88
43	47	41	44
7	63	51	57
54	58	16	51
87	59	79	18
34	36	94	45
72	70	52	85
25	92	28	11
63	78	79	90
43	54	83	87
63	29	40	28
100	77	86	91
9	72	93	76
26	54	60	70
92	60	38	90
9	47	2	6
25	31	40	6
63	9	65	73
92	77	51	22
37	78	39	18
100	66	76	20
37	72	8	41
77	56	57	85
7	9	37	91
2	5	21	20
63	14	89	99
43	36	15	39
55	60	53	74
23	25	14	49
14	35	44	45
78	2	22	44
32	48	15	24
98	56	76	85
23	100	50	48
43	13	3	5
97	70	15	82
78	60	94	15
13	29	17	79
43	62	65	52
14	2	8	15
26	40	74	6
43	71	40	5
81	80	65	90
37	35	55	22
25	32	67	8
83	94	38	82
63	69	58	95
23	9	29	21
71	47	9	3
23	26	79	41
19	38	6	18
54	19	12	24
7	36	39	90
47	40	58	33
4	3	28	48
80	59	49	82
2	95	76	84
81	72	19	62
73	42	96	85
4	35	10	39
23	70	84	57
31	10	5	90
43	81	3	17
43	37	13	68
85	13	12	45
47	37	36	87
54	92	80	48
23	86	19	46
81	53	16	88
76	38	90	57
77	53	99	44
71	78	92	60
50	8	12	45
1	25	40	24
10	66	3	27
35	2	12	73
89	72	93	21
23	4	41	21
4	40	3	39
31	25	41	88
63	77	96	91
43	68	3	45
62	56	48	88
98	3	61	79
12	97	88	91
9	13	90	45
71	9	69	97
23	40	12	57
26	9	25	53
55	66	99	73
60	69	67	5
34	21	39	30
37	42	11	18
37	31	53	30
80	72	87	20
9	95	79	96
74	17	49	44
98	65	46	73
75	60	81	73
34	19	12	20
75	74	61	97
89	17	56	84
32	98	48	20
58	48	70	79
42	62	8	24
61	59	95	39
98	69	62	97
13	69	62	70
26	86	69	79
37	100	34	12
9	34	74	19
31	34	86	45
27	17	46	24
10	19	59	8
50	29	3	2
7	99	72	52
23	47	56	18
26	27	84	20
92	27	56	70
41	38	6	18
82	33	90	88
68	89	62	56
47	25	83	21
44	96	33	18
25	69	52	91
7	35	2	1
25	32	40	12
71	54	50	83
64	41	84	73
46	19	12	33
60	10	89	76
86	40	48	1
47	2	44	45
80	67	97	82
35	34	21	24
55	67	89	40
71	47	56	76
25	50	10	28
77	89	74	44
13	69	19	22
43	19	56	46
35	48	41	18
54	66	53	88
67	56	90	24
60	86	72	70
47	40	5	6
78	14	98	99
53	8	39	24
54	47	86	82
98	86	51	82
26	47	25	13
83	89	59	84
77	49	38	18
55	98	90	30
55	58	64	24
89	95	70	84
68	36	21	44
26	28	22	15
71	40	36	24
25	98	64	57
71	13	3	8
63	100	81	87
92	50	86	65
83	53	79	24
74	59	96	82
78	60	53	90
71	4	39	33
7	99	8	1
63	28	82	88
53	65	51	79
92	61	22	82
72	8	46	1
37	47	2	53
18	47	37	24
43	26	40	56
68	60	48	52
98	64	94	57
81	51	84	12
61	41	90	85
31	2	87	6
95	39	90	52
74	65	5	85
34	81	59	88
47	65	56	88
92	93	87	49
36	17	8	6
54	63	81	72
31	42	79	6
99	87	38	91
86	74	93	49
78	74	56	82
71	78	64	70
7	63	94	76
9	65	15	1
9	19	48	57
98	40	64	87
55	50	80	65
63	31	17	20
4	17	38	33
71	66	53	70
92	78	83	1
86	16	62	96
37	59	22	18
95	94	97	79
47	49	6	18
61	19	5	22
86	81	27	70
23	75	16	20
29	11	5	24
7	54	31	44
83	11	8	1
83	93	76	30
100	77	67	62
43	48	62	30
34	42	19	36
66	89	62	24
47	75	55	86
28	36	49	22
92	65	56	88
100	55	67	64
50	27	22	90
28	8	57	18
66	93	64	56
54	48	79	91
98	29	74	87
9	83	53	62
43	22	39	6
32	29	72	45
47	17	70	33
69	58	65	84
31	2	17	22
54	78	95	91
68	22	39	1
26	4	55	3
69	89	76	91
19	87	79	57
10	83	53	84
50	53	21	18
58	93	65	59
42	34	6	20
10	34	38	1
31	25	44	6
85	21	84	91
43	34	5	15
31	55	83	62
23	54	78	74
20	1	28	30
80	97	76	73
9	37	69	36
55	3	61	87
18	61	22	30
54	81	61	88
47	81	16	49
26	10	28	17
37	50	72	22
34	21	46	45
64	62	91	84
68	48	5	46
71	92	80	6
100	81	51	30
25	19	65	11
50	89	62	52
25	32	40	39
60	77	72	39
37	60	33	1
81	11	5	38
71	54	96	91
81	98	5	57
81	93	90	85
71	13	27	5
66	86	40	61
63	68	100	61
9	54	49	46
98	65	76	21
69	64	97	52
32	87	94	96
34	48	38	21
25	11	8	82
18	4	25	45
60	29	72	70
75	86	84	73
16	11	22	1
55	61	79	90
13	42	16	36
71	92	69	38
100	99	70	49
23	32	50	81
4	67	19	44
47	13	33	18
47	86	48	38
75	42	3	45
60	96	90	82
93	87	51	22
32	8	39	46
31	19	38	52
71	55	39	84
52	15	46	1
81	95	91	88
43	31	49	20
31	3	15	1
61	64	70	73
31	2	27	20
14	25	87	41
1	35	22	20
43	31	50	27
68	14	69	74
25	65	94	79
68	47	77	53
32	42	17	65
55	64	8	82
9	14	17	21
53	58	94	82
75	42	80	76
16	36	87	12
7	28	5	1
7	15	44	90
60	56	11	57
4	56	11	22
68	19	56	59
13	48	11	49
10	77	90	88
50	32	59	39
26	31	49	38
100	2	8	6
9	75	33	24
68	81	64	38
53	29	61	64
80	59	49	88
32	86	58	85
98	69	74	11
78	74	64	57
26	43	80	44
83	80	58	59
47	3	16	17
60	83	81	67
47	2	70	33
23	13	38	1
31	13	42	8
71	35	2	36
26	50	33	90
54	59	91	30
78	74	64	48
92	81	98	67
43	37	40	99
98	80	74	94
37	31	77	48
47	40	41	6
75	21	6	1
68	53	96	41
34	70	49	46
91	97	57	85
81	19	56	90
7	94	5	44
71	60	53	98
89	72	74	73
54	89	65	45
9	14	11	18
26	27	8	12
92	78	28	90
42	58	36	38
95	79	41	57
71	63	99	57
68	54	53	96
32	28	16	33
61	87	62	85
4	2	27	38
77	69	67	82
92	11	90	73
14	93	87	88
92	89	79	84
36	49	22	12
7	47	34	5
35	50	10	58
13	92	5	18
71	66	98	95
72	51	39	73
81	95	52	82
26	73	48	1
29	98	49	45
43	34	6	30
71	93	59	85
35	50	3	99
99	70	5	82
61	16	5	24
4	42	27	20
60	58	61	20
75	81	72	56
25	40	38	6
100	74	95	51
52	13	12	1
72	93	65	70
72	28	96	73
58	11	38	12
7	31	42	36
65	97	39	57
37	13	28	6
50	81	98	89
78	32	38	18
17	65	38	15
10	83	97	85
13	42	19	1
71	72	91	45
80	72	59	38
69	87	97	6
63	55	72	94
13	32	40	18
32	19	41	39
93	62	87	70
32	59	79	96
63	75	59	76
4	13	40	59
100	81	69	51
37	97	52	82
71	8	84	82
63	80	94	76
9	2	28	95
23	30	27	24
4	28	8	57
100	67	51	85
47	63	16	17
31	28	91	30
71	77	72	70
61	72	41	82
68	98	67	93
81	56	91	20
98	89	79	22
86	70	38	57
19	36	46	82
43	37	7	1
30	40	6	24
2	3	28	15
29	67	72	56
68	92	4	99
3	65	97	82
63	32	62	82
68	29	72	62
85	15	38	6
92	61	72	76
68	78	59	97
58	99	93	82
13	35	94	49
23	67	27	1
77	62	96	88
58	17	15	20
7	9	60	16
26	2	3	73
54	69	89	93
4	81	27	20
43	42	27	39
26	61	44	18
55	58	62	85
42	72	79	90
40	21	46	45
86	81	79	39
67	65	70	82
54	14	66	56
47	27	99	18
100	83	88	20
25	86	44	46
75	25	77	82
43	31	49	30
23	27	28	15
10	3	5	82
32	66	64	82
31	40	87	45
47	22	15	1
2	16	62	39
35	53	15	12
47	25	58	39
37	14	67	18
3	94	33	6
69	93	39	91
78	92	61	33
25	99	17	41
31	25	46	20
29	61	28	30
69	70	22	88
37	21	15	45
66	69	36	97
71	78	69	76
75	70	39	52
10	58	97	73
83	98	74	79
9	32	27	20
80	56	11	88
43	71	10	41
2	64	21	6
78	83	65	90
42	99	36	20
63	60	55	95
1	37	21	45
92	81	72	52
43	77	61	97
48	95	84	73
32	53	67	59
17	8	39	52
77	95	91	85
26	78	86	98
13	35	14	36
68	58	61	56
54	100	94	57
63	92	36	97
34	66	19	44
100	64	52	24
60	89	93	90
7	61	59	51
47	58	72	95
26	3	46	18
43	24	60	1
26	3	19	94
78	98	69	72
29	70	79	84
89	70	79	11
68	13	42	18
92	86	98	88
25	16	41	33
86	53	62	91
63	60	77	86
64	70	91	18
92	95	76	1
80	28	12	20
32	27	90	45
10	42	21	18
37	32	57	45
26	81	72	90
30	9	39	20
10	98	80	73
81	58	59	46
23	16	6	1
19	39	6	30
32	17	6	12
23	4	25	99
13	86	19	45
92	87	95	6
78	31	87	97
58	87	62	48
63	86	65	8
24	31	60	45
35	15	38	91
43	47	22	6
4	39	21	30
14	48	11	22
34	8	5	45
7	9	40	56
4	31	10	9
20	16	49	1
23	19	64	8
75	61	93	17
63	10	53	65
35	89	21	33
68	55	67	74
78	55	95	38
53	29	95	79
35	80	79	76
40	8	49	12
1	43	14	20
20	72	64	85
99	96	84	85
14	34	22	85
80	67	74	82
45	15	96	1
71	61	64	24
54	58	64	41
77	53	93	91
3	27	40	15
30	86	15	24
14	25	70	6
32	17	11	8
14	35	6	18
40	36	49	22
50	19	22	6
54	77	61	62
9	77	2	20
91	13	44	20
6	56	91	90
71	100	53	8
74	87	70	41
4	92	34	49
13	16	46	24
9	4	3	76
78	55	76	6
83	80	99	57
23	9	32	70
71	16	91	82
14	29	16	28
4	19	56	39
9	32	46	44
7	19	17	24
14	32	44	52
53	58	59	18
37	92	50	8
75	59	39	90
55	72	82	84
72	93	94	85
61	65	52	91
4	50	61	44
86	99	56	73
58	87	79	76
83	61	59	84
58	76	38	73
71	47	98	64
2	40	8	46
54	13	25	49
23	29	2	48
47	11	21	33
81	98	99	59
75	34	81	84
92	58	56	8
9	47	14	77
78	75	35	93
37	69	38	46
34	2	3	45
14	32	87	15
30	42	15	1
29	28	38	85
43	4	32	39
37	10	99	48
26	92	40	21
31	19	39	12
23	34	82	45
55	27	19	6
13	49	46	45
13	86	87	73
73	11	49	24
7	37	74	12
86	53	80	15
14	61	19	12
4	50	60	29
53	95	82	85
56	79	88	46
42	53	28	20
4	10	32	83
10	35	28	38
68	83	64	52
23	69	8	12
43	85	38	18
9	41	88	18
35	36	49	44
9	31	40	87
57	93	91	73
7	32	5	85
4	10	21	44
50	80	59	97
34	40	39	33
10	21	44	84
100	66	64	59
83	95	52	90
23	86	51	85
42	2	79	6
20	14	17	1
43	47	34	18
80	74	79	41
54	15	38	18
58	27	39	1
75	32	51	52
63	42	11	49
35	42	58	20
26	32	48	38
60	66	86	67
43	34	48	38
13	66	70	90
60	96	82	39
26	3	8	44
14	10	40	6
68	93	51	82
14	95	94	82
43	4	41	52
23	26	35	50
81	93	52	73
54	66	62	57
35	10	8	45
7	81	49	20
9	32	27	85
75	61	94	12
29	70	8	46
75	66	62	21
4	36	41	33
10	49	8	6
83	96	82	85
75	64	65	18
71	58	61	96
83	86	62	57
78	77	15	91
71	72	11	57
23	34	12	46
7	71	13	10
29	72	93	79
17	39	12	21
58	89	88	91
63	69	99	65
89	64	95	96
100	50	46	30
55	51	96	44
31	13	55	22
54	47	56	59
25	67	39	6
83	28	64	52
23	80	67	62
1	30	10	45
92	67	93	51
14	3	95	33
71	62	76	82
54	99	41	73
71	7	56	51
4	86	48	5
54	55	5	91
24	97	33	20
32	10	17	21
7	34	28	41
23	37	53	36
63	14	53	87
14	89	72	99
9	14	64	15
71	100	77	30
47	100	58	64
53	69	70	82
4	29	17	8
60	86	62	52
92	98	93	56
84	79	82	73
58	19	33	30
75	55	3	64
35	36	21	44
36	94	38	6
25	14	33	1
61	87	97	84
31	19	5	82
80	62	87	33
100	77	72	85
9	75	78	58
100	99	93	70
35	48	87	8
50	95	21	30
60	72	87	85
75	66	74	51
9	78	32	28
60	55	29	76
7	61	33	46
75	66	56	84
4	37	47	48
80	95	22	84
37	92	17	21
8	41	33	79
26	68	36	5
80	94	76	90
26	54	78	56
18	74	70	85
23	35	49	5
100	87	79	52
71	55	72	90
78	50	48	6
63	53	65	73
92	86	98	53
62	70	90	84
86	74	56	79
71	61	62	65
54	17	21	24
23	19	36	85
78	53	99	93
71	74	96	30
55	99	96	57
17	41	33	96
23	50	12	6
43	85	39	1
100	2	27	21
92	86	57	84
26	25	78	33
26	41	44	82
71	89	40	88
20	50	15	24
55	32	51	76
31	36	65	44
68	58	70	33
20	47	27	18
42	87	21	18
3	72	6	24
54	80	17	51
78	77	64	95
24	5	39	20
37	2	87	41
80	62	97	91
81	87	95	62
54	62	96	82
55	61	97	85
98	89	52	24
28	49	44	88
4	34	3	38
100	64	95	73
25	83	40	19
43	29	5	15
23	43	49	5
72	96	57	20
7	60	66	59
29	86	28	8
63	74	87	88
14	29	22	30
31	14	60	12
54	34	76	51
66	70	76	1
98	95	84	6
9	35	19	33
85	47	69	73
62	56	52	88
2	3	21	33
54	72	11	57
99	8	90	82
25	19	44	18
68	59	95	90
49	96	52	88
55	40	36	41
66	83	91	84
81	61	93	52
13	48	59	39
86	62	49	52
25	97	46	12
50	65	52	57
9	34	21	46
72	61	51	52
10	16	49	82
30	65	97	73
23	10	40	64
68	100	86	38
50	16	95	41
77	53	57	85
1	42	39	24
63	70	51	96
92	78	29	87
7	99	59	70
34	58	38	15
75	28	97	51
92	99	70	20
25	16	36	6
14	31	77	33
19	41	90	18
9	40	58	21
23	31	10	44
26	7	100	27
9	36	46	20
61	51	84	91
63	34	98	91
49	41	15	1
55	10	80	90
80	29	87	88
14	32	38	22
37	34	28	59
77	62	90	20
68	37	74	91
75	53	86	90
47	36	95	22
23	32	64	11
32	81	94	91
92	74	70	5
63	69	82	33
26	48	64	1
55	77	36	97
75	80	97	90
35	42	39	6
14	17	49	41
50	19	12	24
37	49	44	88
78	66	49	85
26	9	8	41
63	77	93	57
23	5	33	82
42	53	44	45
83	67	51	15
86	95	44	73
47	27	38	44
9	92	11	30
16	36	39	18
92	77	86	81
100	61	96	57
50	32	21	24
37	25	48	5
63	77	80	3
14	40	15	24
100	69	93	76
75	100	81	52
83	2	11	5
100	69	28	59
63	9	60	65
23	34	40	56
71	2	72	87
34	2	65	49
71	83	90	18
14	83	61	52
14	19	15	38
13	27	44	88
25	3	40	24
71	35	38	30
4	55	19	41
71	14	69	65
59	51	79	21
26	25	34	24
55	72	91	84
28	16	59	49
78	31	59	76
75	78	74	62
83	40	99	70
87	97	79	1
78	81	97	76
100	86	36	96
9	19	15	41
55	66	50	79
60	74	56	73
71	83	87	56
31	5	15	1
87	65	64	85
77	72	93	73
47	21	6	20
23	42	2	44
2	27	16	36
7	54	78	80
55	72	57	12
26	31	97	38
23	26	44	1
35	42	5	39
4	35	60	21
63	53	72	65
45	41	46	12
11	8	12	73
84	5	12	1
37	9	48	85
55	99	76	57
78	77	82	57
75	35	95	91
75	83	41	73
71	16	94	85
43	13	5	15
43	60	72	59
50	17	59	44
53	93	96	44
32	10	28	21
13	50	81	21
23	61	76	91
47	42	8	51
23	40	49	15
98	99	64	70
13	29	49	15
77	69	80	94
13	34	69	1
24	43	67	30
9	36	38	1
14	3	72	5
23	78	65	57
91	22	33	1
62	79	96	85
18	49	12	46
78	100	31	73
66	72	59	96
9	69	8	44
23	8	33	73
81	93	51	91
75	59	79	84
55	79	88	33
78	60	74	84
4	3	62	24
98	40	48	18
4	29	22	1
68	4	67	76
77	16	11	1
43	67	64	59
50	72	17	33
55	83	62	95
7	3	16	18
43	20	37	30
83	5	82	73
100	99	64	79
14	78	42	30
83	96	91	57
86	41	22	30
9	55	58	74
35	50	2	39
47	40	16	85
23	68	90	85
4	53	98	96
7	42	59	22
54	35	87	51
30	40	5	18
25	34	5	18
9	47	46	30
23	8	33	1
43	47	13	65
54	55	81	52
7	54	89	93
23	50	34	94
68	83	53	99
14	70	39	20
35	17	79	39
42	3	11	41
24	19	97	45
55	81	89	99
69	58	39	82
37	4	44	24
4	5	8	45
42	61	36	33
47	32	34	27
13	29	44	30
68	60	19	62
60	62	52	90
80	40	48	21
78	31	89	65
80	93	56	70
43	8	44	73
92	31	77	95
67	36	79	57
32	27	39	30
13	14	94	41
43	36	8	22
37	29	2	38
14	32	42	100
66	89	62	85
51	79	90	15
4	53	93	57
66	58	52	91
61	59	94	85
63	69	38	85
100	67	99	39
98	67	69	76
34	81	72	73
23	61	11	33
67	72	52	20
80	81	62	96
68	78	98	58
54	77	94	73
54	55	77	62
100	58	15	82
83	81	79	90
2	48	39	85
50	17	48	57
43	3	27	41
43	47	2	46
75	81	56	73
91	34	44	30
63	83	81	21
31	28	62	41
14	2	95	15
1	28	38	30
11	79	38	39
16	39	15	1
4	19	97	1
47	13	42	95
77	62	11	51
31	34	81	22
23	4	13	48
83	19	94	90
67	79	8	57
18	74	36	20
4	10	6	1
7	17	21	24
71	83	74	79
60	16	22	30
23	83	22	46
36	17	38	20
10	34	99	38
92	86	69	56
35	61	62	82
43	29	59	20
37	42	86	21
25	95	39	12
29	16	15	18
60	81	89	49
52	29	44	6
78	62	76	96
63	29	52	82
43	66	61	52
32	19	11	21
79	76	57	8
78	74	93	56
37	29	2	81
29	62	79	88
75	74	57	85
35	34	19	44
23	86	19	49
71	42	41	33
86	56	95	82
83	66	28	56
97	21	22	18
7	41	22	38
7	63	98	90
81	56	51	21
26	42	59	18
78	14	59	95
11	8	38	22
14	13	10	29
26	31	50	85
78	29	94	85
55	74	72	46
47	92	50	42
37	14	3	11
99	79	12	73
32	28	93	6
63	55	96	22
86	98	74	91
78	35	3	1
26	9	7	69
43	40	87	38
25	55	83	72
50	55	2	6
63	100	77	74
14	92	5	20
72	56	70	6
68	50	77	97
29	11	97	22
13	35	16	46
23	92	98	85
53	67	81	76
35	66	40	20
64	87	91	45
68	75	79	51
14	29	2	96
93	96	22	73
32	27	79	21
92	66	93	91
55	3	5	46
20	59	39	45
43	92	50	3
18	58	5	30
9	60	81	94
9	75	22	30
55	99	64	11
1	78	94	85
3	61	65	62
26	60	59	51
2	59	49	45
72	11	46	18
67	36	39	20
13	78	16	5
69	89	48	95
26	34	11	22
29	16	8	30
8	49	38	30
10	53	61	91
92	60	66	11
86	99	93	65
43	98	74	57
60	98	72	97
23	25	74	28
54	77	72	85
43	13	14	24
68	86	95	11
31	67	93	79
23	54	14	48
34	2	91	18
77	86	87	73
72	61	56	12
43	58	95	82
71	37	38	12
65	94	8	73
47	14	35	19
23	2	3	21
92	100	86	30
68	86	70	79
14	2	94	6
34	77	41	6
26	59	97	76
18	37	39	1
29	16	8	44
42	19	93	45
26	8	44	30
100	96	90	38
9	70	90	52
89	93	76	85
23	10	48	44
43	68	31	22
100	19	33	18
54	72	62	33
78	17	39	33
78	28	16	15
54	93	91	6
7	25	48	44
43	17	44	24
13	19	8	39
63	17	97	90
100	60	72	95
47	31	29	98
78	60	77	51
9	2	94	24
25	34	33	30
14	75	22	46
80	74	8	73
66	40	97	85
42	99	16	30
68	2	99	51
69	51	79	8
40	67	11	8
42	22	38	24
12	75	33	1
77	95	97	57
14	50	17	46
4	75	60	72
47	9	74	18
55	66	74	94
7	50	81	3
73	77	76	85
63	9	89	67
37	13	34	19
24	31	74	45
25	61	74	73
26	95	21	24
47	4	56	6
68	94	51	52
31	35	3	57
10	93	87	97
7	98	36	15
23	62	59	96
92	86	65	62
63	31	35	2
54	60	57	90
99	64	62	1
50	16	11	51
25	35	22	12
31	10	16	73
34	70	15	6
1	14	35	30
83	61	62	88
43	15	21	22
42	96	91	73
43	34	36	18
42	66	3	48
4	36	38	96
64	62	51	84
9	47	81	38
61	38	44	12
71	55	65	88
30	47	13	18
37	100	19	22
80	67	28	52
55	81	65	82
1	83	84	73
78	60	76	45
60	67	64	20
42	17	5	21
7	25	2	96
23	9	50	18
42	86	27	36
66	77	27	85
54	50	83	96
68	77	86	36
7	15	39	18
55	94	82	57
98	62	76	51
85	27	49	20
10	67	79	82
98	3	65	84
37	15	46	24
75	83	97	84
63	4	99	70
31	98	8	6
7	35	3	12
54	59	79	96
47	69	61	93
63	93	76	41
99	74	96	73
26	27	5	41
26	50	61	48
43	17	38	20
30	9	2	45
43	47	83	44
40	5	49	45
81	89	94	84
23	93	79	82
28	19	21	20
55	74	61	56
43	9	11	57
37	34	40	30
30	20	44	1
37	15	46	21
40	76	39	6
50	86	64	73
53	56	82	44
47	10	2	40
3	49	21	57
5	15	46	24
78	53	64	36
9	92	2	5
25	49	79	30
28	36	11	1
10	3	36	1
53	99	28	65
72	93	15	90
100	80	88	44
47	54	48	12
29	3	19	84
77	34	96	82
66	81	70	33
13	80	11	18
63	80	53	84
2	65	64	85
93	87	84	30
60	99	19	88
71	54	87	59
43	4	47	8
29	27	33	90
75	66	74	97
23	13	25	59
40	56	49	6
26	55	64	94
26	48	12	30
47	3	28	41
64	76	96	90
71	32	66	62
75	53	94	88
14	35	17	90
78	98	62	70
23	34	67	30
67	87	95	94
77	74	57	73
58	95	90	12
98	58	11	90
37	29	39	12
32	64	65	96
37	35	42	5
75	87	51	84
31	28	17	15
23	47	71	12
50	3	36	44
43	42	19	49
61	96	6	85
67	58	97	18
86	67	74	73
43	78	49	8
83	28	17	20
37	35	2	53
37	31	8	24
26	35	64	22
18	77	21	20
14	2	21	84
83	58	39	52
23	49	57	1
50	21	44	20
28	16	11	45
71	63	86	96
43	34	48	90
59	95	76	82
67	61	79	20
99	87	59	33
50	62	56	90
50	10	27	6
8	41	15	90
32	34	27	45
47	48	15	30
31	69	67	74
23	14	10	74
37	2	3	5
75	31	99	79
43	35	3	38
10	80	15	1
93	59	94	56
77	56	76	82
32	40	76	46
58	79	91	52
84	49	46	30
53	56	95	76
68	55	72	95
71	69	99	85
68	86	90	24
83	58	99	93
47	13	28	76
80	65	84	73
42	48	11	90
66	8	49	18
54	74	70	73
68	31	58	64
7	17	41	88
7	32	22	6
66	27	62	52
100	72	79	90
7	58	39	30
69	28	8	46
3	8	90	45
26	9	17	56
14	48	51	30
26	35	87	22
7	37	35	98
83	53	96	84
64	95	94	59
32	34	84	30
54	59	97	85
63	78	79	45
31	13	92	1
94	79	82	24
4	47	62	12
4	31	16	22
77	58	94	52
78	100	69	85
86	79	84	1
14	29	48	49
68	14	29	36
66	98	21	84
47	27	48	1
36	59	70	85
50	10	27	59
43	14	10	82
23	9	11	5
18	38	82	24
9	83	29	27
83	81	77	57
71	78	17	82
47	29	80	36
50	48	11	44
42	36	39	30
19	64	97	51
26	35	48	18
77	86	64	65
97	76	84	73
26	31	55	30
13	69	57	90
42	2	48	88
93	8	33	45
34	93	97	52
23	68	31	30
75	66	74	95
35	19	46	12
26	31	33	12
86	96	91	18
71	68	89	58
35	50	29	96
4	31	8	6
1	14	91	20
32	28	41	6
69	95	70	85
47	9	99	18
83	65	59	94
7	10	66	1
42	2	34	27
67	61	70	52
25	17	97	5
25	11	76	6
26	31	29	90
47	14	77	46
77	61	56	41
54	60	64	76
46	83	91	73
68	77	65	88
75	53	8	84
68	53	89	56
2	93	33	20
68	92	13	83
68	80	74	82
43	32	42	16
81	69	62	70
26	80	6	30
92	93	19	94
63	98	86	59
83	80	3	96
32	49	38	1
100	86	51	91
75	69	3	73
55	36	97	84
48	8	5	82
69	76	15	52
78	60	2	73
100	56	96	12
81	89	58	76
100	77	49	52
32	16	59	30
47	80	88	85
78	2	17	22
13	42	34	21
7	32	27	24
53	87	59	90
40	59	39	21
55	66	56	46
83	89	64	44
25	58	16	18
71	60	95	85
71	47	3	46
37	61	65	76
47	42	59	11
86	74	36	57
78	34	98	53
69	67	61	87
25	35	42	62
37	10	55	22
71	68	66	59
100	81	67	88
7	75	53	76
48	39	46	20
26	13	42	58
31	29	40	36
7	81	6	1
55	66	67	82
3	11	12	91
23	75	11	45
45	3	17	18
55	66	69	76
68	78	77	94
26	13	3	28
68	10	35	17
78	2	95	57
25	10	86	49
43	14	50	33
14	64	8	6
83	74	56	21
63	59	11	90
37	53	72	97
86	19	56	73
9	31	50	19
68	51	79	49
66	81	65	51
34	11	33	20
92	81	67	39
37	50	42	36
35	10	27	33
35	61	93	87
100	66	67	90
42	16	46	33
42	56	21	20
3	72	28	39
40	74	94	52
2	36	49	45
92	64	70	51
26	78	32	28
25	83	67	95
57	27	33	20
47	14	13	2
63	65	57	52
18	64	41	30
80	64	87	90
92	83	87	17
63	53	61	72
60	34	82	57
85	93	90	57
55	61	91	52
61	76	91	84
62	59	91	45
93	97	8	85
40	21	44	38
47	14	28	91
7	27	44	24
23	7	65	18
66	89	59	94
55	77	98	51
19	17	33	18
71	50	51	91
34	70	5	1
54	5	84	82
23	45	78	30
42	40	5	38
9	2	15	20
100	53	64	96
71	68	87	59
7	14	80	3
80	72	48	57
63	86	62	85
75	3	28	38
25	35	29	28
99	65	59	18
31	3	49	82
26	11	38	30
75	99	59	45
9	25	80	38
4	36	11	45
83	42	58	51
63	75	98	95
7	13	92	28
67	48	17	41
60	96	88	24
63	83	98	89
81	58	28	84
23	2	6	90
64	15	52	84
69	64	57	18
53	72	36	73
26	25	86	36
7	23	27	21
73	14	28	1
43	7	3	48
66	80	57	73
54	75	72	88
42	74	12	18
25	19	16	88
63	31	34	20
23	4	39	1
13	60	58	76
7	9	35	57
43	82	46	45
18	74	57	73
71	6	52	82
26	40	62	45
32	59	46	6
75	56	57	1
90	42	6	12
68	58	90	44
62	51	12	73
13	32	27	15
2	41	33	6
1	29	79	18
7	2	33	90
27	49	44	73
13	3	72	45
7	80	19	45
66	99	93	59
23	31	5	49
54	62	95	90
25	56	59	84
35	77	29	20
37	2	27	33
74	16	44	18
32	17	36	46
55	60	74	79
81	19	62	95
77	65	91	33
54	63	14	76
23	37	42	77
31	80	91	57
4	35	81	19
4	100	64	52
77	69	67	33
71	83	67	84
32	95	5	45
92	69	28	62
69	74	93	90
44	54	82	85
45	21	12	46
68	3	79	84
80	28	39	1
7	31	11	82
43	9	2	33
7	32	36	38
71	54	86	73
37	5	21	39
92	55	98	96
95	94	91	57
86	61	94	70
10	97	39	33
73	68	42	85
36	97	15	33
75	42	58	52
31	62	64	82
14	55	67	95
78	83	53	79
63	86	98	97
26	37	5	90
63	28	39	18
36	41	39	30
69	93	62	79
92	66	93	56
7	20	39	45
71	80	88	91
83	69	89	6
68	63	76	44
63	80	65	57
47	29	80	45
47	27	39	85
20	37	97	1
47	13	10	19
83	95	52	84
60	94	52	24
7	66	49	6
7	29	27	8
27	87	94	51
54	10	94	96
32	95	79	84
58	8	96	57
71	72	8	90
75	81	29	79
100	86	61	49
23	19	38	20
17	48	38	21
78	98	59	90
13	55	19	46
92	83	80	94
71	50	34	38
34	53	95	70
25	40	58	45
69	97	8	91
25	19	48	41
23	14	5	18
77	93	79	91
32	87	79	51
7	60	48	8
50	81	28	1
9	77	58	64
43	9	2	87
48	39	12	33
34	29	36	41
13	25	17	5
18	80	49	1
37	27	88	18
43	32	50	30
50	28	11	15
47	50	81	3
4	10	29	6
78	42	38	18
10	48	79	38
78	64	70	52
14	50	99	45
31	70	6	30
61	49	38	21
45	20	31	24
43	14	74	41
98	99	51	73
54	70	39	73
2	65	59	90
9	72	91	57
77	74	48	88
4	9	94	20
37	38	6	45
45	37	46	24
60	64	76	18
63	92	93	1
86	56	91	84
63	92	25	70
60	61	88	6
66	97	96	41
99	93	59	6
43	4	13	98
80	86	88	20
18	29	46	12
14	19	70	18
10	66	29	1
47	72	28	38
68	55	29	82
50	5	21	44
26	50	59	1
7	24	31	45
75	83	87	56
53	72	59	20
71	9	86	61
27	36	44	57
55	77	69	56
60	77	89	94
4	29	74	39
26	25	42	67
26	34	2	81
14	70	5	21
23	49	22	52
10	42	5	6
55	29	5	6
42	98	3	12
63	53	99	76
25	87	21	44
37	35	56	12
14	75	21	46
35	97	21	30
43	50	42	11
2	15	46	20
66	58	51	1
60	96	90	85
13	16	36	15
71	92	99	91
23	4	34	5
2	27	5	30
68	83	67	40
26	4	46	20
11	15	22	20
28	36	48	56
67	59	82	12
56	8	38	41
67	64	90	84
4	3	48	15
32	80	86	57
10	42	11	39
26	42	46	12
47	25	29	27
83	98	87	70
77	81	16	57
98	27	28	45
100	92	59	73
71	80	67	97
43	50	72	5
7	19	56	11
32	69	99	97
8	15	21	84
23	40	46	90
13	14	46	82
73	5	41	30
61	87	91	46
75	65	56	73
26	9	40	33
4	92	66	74
20	10	67	24
35	60	29	8
34	49	5	76
7	77	53	64
23	78	81	82
69	48	33	45
86	29	95	94
54	42	89	65
7	23	3	30
7	100	77	85
54	75	89	82
43	4	38	18
78	69	58	62
81	64	95	30
35	2	16	48
83	51	41	90
55	28	11	49
60	36	49	45
100	55	69	17
7	4	49	38
4	14	16	1
60	69	72	46
23	26	36	38
9	32	3	17
86	64	88	1
23	14	29	22
83	56	51	5
55	86	58	5
32	19	15	12
4	67	15	1
77	64	56	90
71	43	81	56
87	97	21	84
31	19	36	39
55	60	95	85
9	75	32	24
50	80	89	99
83	80	69	64
26	55	67	84
34	80	70	97
53	93	5	85
7	37	11	85
76	51	52	5
23	25	50	45
29	28	12	1
86	58	61	85
26	32	16	24
89	72	87	33
9	28	8	20
89	99	70	5
43	3	27	18
53	70	76	94
63	69	79	73
42	29	44	85
10	16	15	85
55	81	72	51
60	98	94	82
68	87	91	84
43	32	58	21
36	49	21	20
47	2	36	46
63	65	36	91
26	10	97	6
35	42	16	11
78	83	77	2
98	79	39	90
68	100	83	95
71	42	80	95
57	8	44	45
34	48	49	73
87	59	70	57
81	89	74	64
69	19	88	73
92	32	69	96
55	83	66	95
9	54	35	27
69	89	56	57
40	67	15	45
71	99	93	27
47	13	28	82
68	80	98	61
68	78	54	70
55	69	86	51
9	64	79	84
34	72	5	20
78	100	36	73
37	100	52	85
32	60	2	15
32	60	41	20
67	95	56	52
92	81	79	33
92	66	69	96
43	42	49	46
7	81	16	5
4	10	5	79
83	72	87	56
42	61	74	95
83	40	36	44
79	5	84	57
47	65	51	85
83	56	52	88
47	35	29	65
9	83	66	57
75	98	79	39
2	11	21	45
25	10	50	2
10	29	51	41
9	3	16	38
29	49	5	24
60	34	80	57
30	7	35	1
78	100	72	64
2	27	11	20
71	35	64	88
7	9	55	27
25	34	44	24
47	31	36	51
11	21	39	20
100	86	84	85
75	98	99	39
69	58	67	94
54	74	76	20
7	4	38	20
71	98	51	90
66	41	33	1
83	66	11	76
66	80	95	70
9	77	33	1
54	4	65	88
71	27	65	96
71	55	65	41
35	96	91	52
43	69	67	89
25	80	17	39
63	68	100	72
50	98	36	33
69	67	59	97
26	60	80	81
23	83	19	1
29	11	38	88
80	81	94	8
31	78	28	20
47	75	77	69
80	98	57	1
23	25	40	65
60	67	65	90
75	50	21	1
47	89	8	20
47	2	38	30
7	58	48	6
47	69	67	74
4	31	29	20
54	17	21	41
26	3	16	90
63	83	64	57
71	9	5	15
4	35	95	5
29	95	8	22
3	17	36	30
68	77	72	88
75	53	93	88
60	81	62	91
9	42	67	15
50	53	19	38
63	77	67	72
2	21	44	46
14	25	19	44
4	25	36	6
78	76	57	82
63	22	46	39
45	7	19	18
47	42	19	33
31	34	99	21
78	98	58	11
77	80	72	85
92	77	61	64
83	56	51	8
77	86	61	8
32	81	97	84
4	94	39	30
14	83	8	18
7	27	15	1
100	89	72	74
55	70	88	82
3	51	52	57
3	27	82	24
71	59	70	44
30	3	94	24
13	40	27	6
10	42	48	30
9	31	32	27
1	38	46	45
43	55	15	20
32	34	42	22
54	80	99	85
37	31	29	98
43	4	13	83
98	93	64	84
26	93	12	18
23	37	11	15
14	40	41	22
94	76	51	91
92	38	12	39
3	17	39	21
60	28	65	88
60	58	72	90
54	11	76	85
47	8	33	30
83	87	38	57
26	53	39	1
68	4	89	56
28	64	56	94
37	35	10	8
7	54	27	12
98	64	59	24
26	34	11	24
78	83	98	81
75	66	93	96
54	35	3	44
63	32	58	88
54	92	86	97
26	35	2	64
7	89	8	12
66	3	22	30
63	60	83	53
71	89	76	41
92	96	91	41
35	3	17	15
7	77	12	30
43	13	80	19
66	64	70	91
63	78	53	94
18	51	22	45
71	30	84	91
4	31	78	20
14	36	22	30
40	48	70	21
37	25	49	18
81	36	17	38
35	86	72	95
47	66	87	95
26	34	46	84
14	10	41	1
20	14	12	24
1	35	58	30
98	97	70	44
37	3	28	22
63	78	25	81
69	53	87	97
7	13	21	12
47	75	95	91
69	72	76	12
13	77	36	48
92	75	66	34
55	29	97	76
92	42	40	19
66	99	62	57
14	50	78	12
25	77	46	30
11	41	6	20
25	34	17	46
54	77	2	56
35	32	27	16
10	17	8	44
31	48	39	21
7	98	49	20
35	83	72	57
100	80	98	85
9	92	89	72
23	9	47	3
71	55	94	96
1	47	75	30
68	59	96	20
92	98	67	72
31	99	16	46
9	54	19	39
23	25	99	5
47	14	8	41
26	3	49	30
23	4	50	17
7	4	27	90
63	76	84	24
80	89	61	33
10	28	11	49
71	86	81	39
71	11	12	1
13	50	3	79
43	31	14	28
92	99	93	82
31	40	90	24
7	37	23	26
47	29	80	39
27	70	33	20
92	98	8	52
68	53	19	84
33	41	12	20
68	69	72	65
68	42	34	1
67	11	79	91
50	42	28	11
58	74	72	94
67	72	96	82
9	55	6	30
54	100	64	51
4	48	41	18
32	10	40	18
7	31	21	88
10	16	48	93
23	2	80	24
77	99	79	21
42	17	11	88
13	36	8	96
4	81	72	62
26	42	38	96
37	2	22	1
34	8	5	52
43	13	11	22
71	54	66	70
81	99	64	94
9	80	40	39
31	38	46	96
37	4	98	1
77	40	72	82
31	61	96	91
69	67	2	51
37	92	77	65
19	87	22	20
71	68	96	85
43	34	11	22
7	63	60	97
30	50	35	45
54	35	50	18
31	97	79	73
83	81	94	30
80	62	94	96
25	39	41	38
43	78	98	74
78	55	41	82
37	95	33	24
72	74	16	82
26	13	75	38
7	32	48	46
31	29	3	27
25	78	19	12
37	35	50	93
7	34	57	18
4	10	34	87
71	75	69	79
47	67	27	22
54	9	86	53
71	54	49	90
10	59	11	44
83	56	70	38
71	4	80	97
32	77	74	59
71	76	84	45
37	10	32	30
55	69	41	90
1	23	50	30
92	58	67	3
83	53	64	6
92	50	19	38
23	69	59	57
68	63	14	72
10	86	11	33
37	50	77	45
55	27	59	57
63	100	61	52
67	72	64	85
69	64	52	44
53	93	59	94
98	28	51	96
12	67	84	85
3	89	11	20
2	67	11	22
56	79	49	88
78	8	12	30
75	66	94	97
68	75	69	73
92	32	65	79
23	37	86	36
95	79	41	91
58	87	79	84
54	93	59	12
87	94	91	30
1	49	8	45
47	50	36	62
75	53	99	76
13	35	50	92
77	72	82	85
75	60	96	24
98	76	90	88
9	80	16	11
86	61	64	51
100	98	56	95
63	66	96	33
10	29	38	24
10	83	19	44
43	65	12	30
54	80	17	70
62	36	82	91
86	93	62	52
13	27	36	73
47	13	17	64
9	5	39	1
3	21	6	18
69	65	97	51
81	58	97	70
37	51	12	46
16	93	22	24
86	62	82	85
54	89	99	17
43	32	60	28
100	66	15	82
54	67	79	85
42	48	17	39
77	74	76	79
63	100	55	9
80	8	22	5
54	32	69	94
42	86	98	97
100	80	97	82
100	98	99	70
43	40	33	57
43	66	28	15
75	60	61	33
26	15	46	12
93	87	97	15
63	58	70	85
71	69	72	52
100	61	64	91
12	50	44	30
83	86	74	59
56	97	84	12
47	83	80	58
92	77	70	79
50	38	52	20
74	59	88	20
54	13	95	73
23	14	3	89
23	59	97	56
7	47	35	34
10	61	11	30
65	11	33	30
77	89	49	96
23	43	9	67
54	92	69	5
62	39	38	1
69	89	76	52
71	98	53	90
35	34	46	1
92	86	58	87
75	99	62	76
54	92	55	96
29	3	52	30
69	98	95	12
23	4	75	22
58	67	27	65
87	95	65	88
77	65	84	52
75	69	72	46
13	93	8	33
98	80	81	22
67	65	59	85
25	32	60	38
78	5	96	88
36	5	90	20
26	2	27	22
10	66	5	1
77	99	27	91
55	53	87	51
37	65	39	12
37	75	44	1
100	75	29	67
43	10	82	18
66	61	94	73
83	40	6	20
10	97	46	24
13	35	34	27
63	75	31	89
78	42	67	93
19	49	38	91
47	2	19	97
54	98	53	82
63	78	56	84
28	16	8	22
14	35	99	19
7	53	74	56
29	27	39	1
9	78	17	12
37	68	19	22
26	54	75	61
68	89	94	88
26	9	25	16
32	53	5	18
4	72	65	70
89	61	39	91
9	28	46	6
66	8	84	88
26	7	19	18
4	25	35	82
47	53	97	52
20	53	70	73
86	97	52	88
26	81	33	12
42	28	5	21
62	95	94	91
35	36	39	6
25	19	48	52
78	55	80	90
43	3	49	44
48	76	44	45
25	100	40	49
69	2	59	94
8	76	6	30
50	53	46	30
14	40	94	12
80	98	76	57
100	75	10	85
75	58	99	88
25	32	87	11
42	48	21	1
83	86	91	84
24	28	94	30
66	93	97	76
42	98	81	72
67	95	97	79
9	60	97	90
72	16	94	79
25	28	84	45
2	8	15	30
77	87	51	88
7	78	2	45
9	2	8	41
7	47	23	15
23	49	6	20
68	78	10	84
27	70	90	73
4	37	50	35
77	27	49	20
37	75	17	12
72	27	88	90
75	77	69	72
51	49	52	73
68	100	63	28
75	86	58	93
50	42	16	91
86	61	87	95
66	2	56	51
23	4	28	97
77	67	36	56
72	56	49	82
4	9	19	64
37	47	3	90
100	58	56	41
9	68	35	48
66	72	94	5
78	83	61	85
71	9	40	27
43	42	93	24
71	60	72	16
31	50	77	27
71	34	17	24
69	16	51	90
25	50	34	11
14	15	33	24
54	92	34	85
53	93	62	36
75	77	57	85
58	89	48	56
55	42	62	52
78	81	80	59
100	70	52	30
35	32	49	41
98	65	57	85
47	75	74	59
75	89	93	51
55	80	61	90
82	9	44	24
75	66	98	5
36	48	65	15
10	69	22	44
4	34	33	84
83	69	88	12
13	53	49	24
4	89	96	85
9	53	89	96
47	25	66	40
75	55	62	39
43	42	40	16
35	67	17	18
97	5	8	18
42	40	11	22
78	75	74	39
60	99	15	90
10	40	16	36
2	3	93	30
81	17	51	57
9	32	44	18
92	98	74	91
23	16	15	90
83	99	11	79
78	86	62	76
42	98	48	41
13	29	22	57
34	42	3	28
35	3	19	8
77	72	91	85
56	95	97	94
71	31	69	94
31	25	49	8
53	61	97	52
13	50	53	22
7	99	57	82
7	47	34	15
68	100	51	85
67	87	96	90
62	64	91	18
7	98	87	94
78	74	57	91
54	65	56	76
75	98	76	57
43	8	15	57
31	35	19	8
23	38	33	57
14	32	3	70
68	47	86	84
23	3	41	96
68	63	67	46
72	56	57	82
53	72	99	6
26	100	56	73
9	13	10	80
10	81	82	73
42	27	39	46
78	35	62	97
31	40	57	24
75	92	55	17
67	61	74	94
35	16	38	18
77	80	83	62
4	42	39	52
3	16	64	18
56	70	52	24
37	66	96	91
7	4	17	49
26	37	31	19
50	2	89	45
66	61	91	90
67	27	88	85
4	34	27	22
43	14	22	18
66	69	80	51
71	60	81	65
71	63	70	52
74	97	33	85
2	40	93	48
4	89	22	46
9	27	19	74
40	72	33	18
23	8	44	20
40	99	56	88
63	97	96	57
13	10	58	41
23	59	70	73
92	69	67	61
35	16	21	45
78	69	65	90
93	97	84	18
23	100	97	51
78	69	93	90
92	95	91	73
71	95	79	73
43	4	68	20
14	78	48	41
54	55	98	46
29	86	27	33
31	64	49	22
74	65	96	22
75	58	99	76
61	65	56	11
37	27	74	18
98	56	82	73
4	9	32	91
11	5	88	30
75	60	87	24
60	58	74	52
4	31	34	36
74	97	84	73
68	35	89	82
24	14	81	20
92	77	83	95
26	71	34	38
100	53	76	20
55	86	95	51
10	34	17	8
7	68	14	38
6	79	33	20
66	86	89	15
3	40	79	46
7	78	72	84
10	28	76	45
83	93	79	20
54	72	96	90
50	69	48	17
13	36	8	82
51	21	44	30
47	2	19	48
3	5	52	24
25	27	33	82
7	34	40	99
9	68	5	18
78	35	66	67
85	56	90	73
25	81	21	33
66	34	67	94
53	86	40	97
68	94	22	84
78	75	66	93
35	42	79	24
34	40	38	33
47	60	79	91
47	2	3	21
26	9	32	27
31	86	74	84
26	13	17	96
58	61	5	90
55	89	64	73
43	32	49	8
2	95	49	6
92	66	69	39
66	29	94	73
32	77	2	49
74	56	70	12
75	78	72	76
7	35	29	88
78	81	93	5
37	25	69	30
63	42	2	39
63	79	84	30
68	65	91	30
75	92	98	84
78	61	87	57
81	72	93	59
83	27	38	45
58	74	61	91
68	75	93	36
40	49	39	12
71	74	99	22
81	36	52	88
73	16	8	45
50	60	29	45
63	14	34	39
43	29	19	36
35	64	41	39
35	77	21	38
77	3	94	79
81	93	79	33
26	25	40	91
54	100	93	90
92	83	81	76
35	27	19	85
