54	100	62
68	61	38
71	23	95
78	60	91
14	16	20
58	76	51
99	87	96
99	65	15
42	28	51
26	11	20
45	79	20
86	81	97
72	59	30
31	32	27
68	93	59
11	21	46
29	64	65
34	39	45
7	31	40
100	74	30
75	62	6
60	72	93
63	95	59
59	79	20
83	74	76
27	41	38
40	19	49
37	8	33
54	89	65
5	15	18
34	69	65
47	17	18
37	29	20
66	98	88
23	11	49
68	63	91
69	79	51
62	94	82
9	3	48
51	96	57
53	39	38
55	79	96
14	22	39
71	98	97
74	65	6
75	72	88
60	89	73
71	87	97
66	64	88
70	94	91
69	91	73
25	99	87
4	8	41
80	93	73
31	32	72
43	4	32
98	17	8
74	16	76
58	59	79
42	17	62
36	96	45
66	64	84
71	86	11
9	68	42
75	28	46
92	50	10
64	97	52
68	92	90
60	62	95
26	48	49
23	92	73
72	19	88
77	76	20
37	12	30
36	6	1
80	87	57
31	2	53
81	40	95
71	87	70
69	70	21
40	21	91
73	97	85
9	13	40
58	15	18
67	19	62
44	33	45
43	6	1
13	29	1
100	51	90
49	90	88
43	9	56
54	100	52
23	4	1
14	3	95
58	64	84
23	37	18
68	57	6
98	28	51
68	79	38
55	98	72
63	78	64
77	39	90
54	6	73
13	48	39
14	50	33
26	89	20
83	70	90
2	53	8
77	93	90
83	61	57
4	35	32
43	68	25
93	64	94
37	28	5
42	28	17
74	93	21
9	31	15
47	49	21
40	22	30
67	64	96
37	10	27
83	97	79
35	42	3
67	65	57
31	38	39
17	39	46
32	41	24
53	95	97
87	97	96
67	57	85
71	100	76
32	36	22
86	61	51
77	29	33
55	81	94
53	87	59
68	52	33
80	58	89
40	49	5
61	94	88
84	12	24
74	28	76
56	59	82
100	58	79
31	19	16
37	67	90
7	33	44
14	32	6
92	99	79
89	87	52
75	64	87
54	62	90
72	62	22
68	77	19
42	36	5
78	55	85
24	15	30
40	38	18
78	72	93
68	69	6
32	46	20
50	28	15
68	83	98
75	55	69
40	17	15
81	59	95
86	99	85
98	58	57
100	89	64
54	51	91
26	51	73
43	14	3
43	95	12
86	76	24
86	29	64
81	58	94
58	82	57
23	19	39
78	66	51
55	66	82
37	16	19
87	82	73
78	79	91
46	44	45
26	13	2
23	16	21
78	32	98
69	67	79
78	8	85
19	21	22
31	29	19
71	83	82
77	16	45
68	53	49
50	44	33
95	79	73
89	58	22
50	5	44
14	3	12
28	44	45
63	31	64
92	86	72
23	3	28
35	29	2
77	44	30
72	56	52
9	97	24
3	15	20
9	33	73
37	25	39
63	54	55
7	42	58
26	19	48
77	38	45
4	78	10
55	84	82
71	75	70
10	16	24
13	50	16
81	93	65
83	56	52
98	96	44
83	51	84
68	25	8
19	22	41
78	97	39
50	39	18
4	42	39
87	96	57
23	25	50
74	96	84
25	2	36
75	32	81
50	81	38
47	32	11
100	3	70
68	67	90
55	86	84
63	54	80
86	33	73
59	76	91
1	38	30
23	3	33
92	64	65
66	19	1
4	13	41
2	17	46
1	94	73
69	58	70
66	74	73
23	40	46
7	65	95
62	87	94
77	34	79
8	21	41
71	61	59
76	22	44
53	87	88
4	81	1
29	16	8
23	8	18
63	89	87
92	80	82
53	36	15
71	83	12
16	87	90
26	96	88
23	32	40
19	8	21
29	11	8
78	66	17
78	99	96
50	84	73
31	6	24
38	41	44
63	50	5
23	10	2
13	6	24
25	77	61
37	19	57
68	42	95
66	58	99
58	89	56
77	99	94
34	5	57
89	28	64
9	28	33
7	25	11
67	96	39
43	42	1
55	70	84
67	79	88
72	74	88
100	42	58
75	97	76
47	4	40
92	100	66
26	28	16
86	67	51
32	28	12
71	31	2
99	51	5
71	62	57
75	83	74
100	94	84
95	41	1
75	67	58
4	49	44
20	27	30
35	6	44
60	51	91
100	76	18
25	31	18
77	58	95
55	59	12
78	10	79
71	55	51
23	66	62
59	11	79
72	87	97
4	31	15
58	59	91
38	12	45
75	89	61
69	84	91
65	97	38
28	17	11
77	58	57
66	95	84
9	32	30
83	64	57
26	9	32
23	9	4
86	90	52
28	21	12
80	58	51
80	61	84
47	3	41
75	83	76
28	76	91
78	74	99
50	35	19
23	46	44
51	88	85
86	58	79
40	72	76
37	50	40
7	47	38
86	58	82
14	42	30
68	10	45
100	70	97
68	9	80
34	28	19
60	33	73
78	93	96
92	77	56
47	2	8
97	96	88
86	81	89
62	90	33
95	94	76
13	48	44
61	52	33
100	55	91
35	98	44
10	50	44
25	14	41
26	47	46
19	17	24
71	63	29
92	15	52
7	67	27
68	61	5
43	86	36
26	44	12
68	94	85
34	19	36
74	65	82
71	54	36
71	56	97
42	28	44
26	46	30
54	68	88
75	90	84
60	36	52
84	91	52
43	69	46
89	5	84
78	58	65
50	79	12
75	76	45
37	13	50
4	64	70
25	34	30
7	47	45
3	39	24
100	58	36
78	67	57
4	5	20
71	54	69
78	3	96
23	40	45
42	29	27
71	69	85
68	72	57
37	3	22
9	27	1
54	60	83
92	53	56
100	75	96
71	31	53
71	79	76
87	76	52
34	19	49
81	57	84
4	78	64
2	76	45
77	80	74
13	50	5
56	90	84
7	72	62
13	14	38
9	17	38
31	87	1
54	81	70
13	77	79
42	8	6
75	14	80
25	55	12
5	41	46
37	19	20
54	97	84
92	75	87
72	79	6
77	49	96
65	56	51
42	27	17
43	26	97
75	91	90
35	27	6
25	3	20
23	4	19
43	37	29
25	49	22
66	97	85
40	59	73
80	59	88
32	96	33
9	29	17
35	27	1
10	29	21
28	36	46
4	13	19
40	3	41
27	44	20
68	83	16
9	19	96
94	52	91
47	48	1
71	68	70
7	2	27
72	65	84
55	69	87
78	95	96
14	61	36
32	58	21
4	35	34
4	28	36
80	89	99
17	11	22
19	48	8
77	59	73
8	15	33
64	65	17
43	72	45
37	35	24
69	79	76
98	22	91
66	81	79
26	62	45
63	64	51
36	39	30
31	35	5
47	31	60
25	51	39
14	3	27
43	29	49
50	34	39
35	17	41
10	27	8
4	3	82
7	39	44
29	27	48
54	77	62
37	10	38
37	48	5
54	65	94
69	40	28
35	16	48
29	58	5
55	83	88
43	31	28
53	27	8
14	34	5
78	51	18
80	72	79
43	77	1
60	83	81
10	35	20
28	11	44
50	32	18
27	48	20
60	29	21
14	32	29
81	56	52
10	34	70
32	81	51
100	92	53
87	62	46
68	98	5
58	28	88
10	46	1
69	58	56
71	67	79
48	21	12
75	99	96
37	42	3
2	40	30
80	89	87
63	64	90
63	80	5
85	6	20
92	100	64
7	4	19
87	70	82
9	40	24
25	2	3
98	62	76
54	75	86
94	11	82
60	83	51
37	35	6
71	67	95
85	80	73
100	66	67
9	94	39
2	41	21
40	36	30
63	98	90
99	70	57
55	80	85
60	27	17
10	17	96
48	59	85
1	6	30
92	75	82
68	75	58
89	97	84
31	80	17
83	76	84
35	61	52
80	89	51
17	41	45
92	96	90
64	82	84
7	47	83
26	25	30
80	53	73
37	13	21
53	94	88
5	33	30
14	35	21
4	79	46
74	59	52
72	96	84
80	74	87
56	97	51
60	81	76
10	5	24
74	65	91
83	61	79
86	99	64
89	99	76
43	28	6
9	53	73
25	15	38
68	60	66
71	83	38
98	79	85
3	16	17
65	59	57
34	8	44
66	81	86
7	46	91
7	4	49
10	5	85
47	84	88
37	29	45
47	17	5
26	4	33
71	9	18
54	59	94
60	8	41
68	50	96
8	12	18
63	98	97
23	34	15
32	80	89
75	91	84
23	29	17
35	36	30
60	83	84
7	94	33
32	3	76
43	96	12
63	96	18
98	64	97
42	28	6
55	76	21
2	19	6
68	74	62
78	77	74
35	77	69
4	15	38
71	89	59
34	44	6
51	84	18
7	33	45
43	50	46
25	13	39
55	72	59
60	67	93
93	17	85
77	34	95
43	7	32
23	14	52
37	77	69
65	56	48
13	2	94
13	31	36
43	4	14
53	87	30
83	11	49
17	11	1
86	67	95
2	17	20
72	36	70
78	100	88
54	98	70
39	12	24
11	84	24
13	29	45
47	22	1
26	12	1
29	48	11
55	81	99
16	76	39
87	38	30
89	40	59
67	97	39
34	17	97
7	19	79
10	2	48
60	95	84
13	34	48
34	3	28
71	80	61
16	79	1
37	42	20
23	22	91
32	2	76
100	67	30
71	54	85
63	81	96
70	96	90
98	58	51
24	3	45
29	65	11
50	40	45
55	62	84
93	62	84
34	48	21
23	32	53
77	69	96
18	6	46
67	48	46
13	2	28
71	63	14
25	49	1
7	10	45
49	46	33
67	65	8
43	100	6
16	8	38
32	49	44
55	16	46
92	99	64
54	63	51
7	98	39
75	87	59
89	87	24
63	65	52
37	48	21
92	66	88
25	27	12
55	16	96
40	48	44
23	10	11
50	29	24
4	41	33
81	69	99
67	36	39
19	64	15
83	66	64
26	8	38
26	36	20
10	28	16
35	97	51
13	78	28
37	58	59
78	53	6
27	22	82
5	49	22
72	94	85
9	93	46
34	8	41
32	89	11
63	100	76
31	17	18
10	69	11
71	68	82
47	10	44
72	90	73
26	71	28
26	84	45
55	65	97
38	39	90
61	90	12
25	35	20
25	34	1
10	40	30
17	5	18
10	2	5
89	28	33
43	25	14
61	99	76
9	25	21
26	22	18
77	94	76
47	35	48
65	79	91
32	3	11
71	65	95
78	14	66
54	93	52
23	21	41
3	28	15
71	64	36
55	79	90
50	95	6
100	8	12
55	88	24
37	13	45
14	48	45
64	76	6
9	34	66
23	55	28
87	38	22
75	89	79
9	50	73
7	25	12
4	42	11
21	6	46
67	64	85
68	94	51
43	32	28
19	12	90
47	9	50
34	29	45
55	77	62
26	14	18
54	94	88
4	75	62
47	28	21
26	68	79
47	92	94
53	46	45
27	15	45
14	55	6
9	57	85
64	65	52
69	3	15
7	35	28
45	42	1
75	32	8
48	94	12
31	92	22
2	97	1
71	87	91
71	60	87
81	3	24
81	58	73
68	94	57
51	52	88
31	32	29
78	87	56
48	11	6
54	80	48
37	39	1
37	22	6
34	16	21
100	82	85
92	78	79
7	58	67
26	37	28
68	69	76
26	35	2
58	61	76
7	29	20
61	64	91
26	9	37
59	97	82
7	65	8
100	67	15
11	33	57
25	67	18
31	100	20
37	28	49
13	27	11
71	86	79
10	5	45
63	60	70
54	86	58
77	5	41
58	21	85
71	77	82
99	59	79
100	80	99
73	54	85
68	89	65
14	10	28
100	66	82
4	86	16
27	36	11
7	13	34
75	86	64
71	89	99
72	90	52
75	83	84
98	80	82
16	36	12
99	95	15
65	62	57
60	74	64
21	38	41
83	86	59
83	28	70
71	31	16
4	52	57
75	46	18
17	38	18
74	87	94
92	66	73
26	40	33
55	3	85
68	76	73
59	82	90
78	100	51
14	98	93
29	48	73
100	35	86
37	32	16
10	2	27
87	49	46
78	31	59
63	28	96
4	72	30
78	91	88
68	100	69
37	35	2
100	92	87
78	3	8
86	89	56
71	66	89
77	15	20
4	49	45
4	95	94
9	47	32
78	79	57
9	100	44
34	98	74
63	75	62
80	87	82
42	17	30
55	69	85
4	19	48
35	41	1
2	6	45
25	40	15
29	41	1
68	31	17
23	16	49
75	64	36
43	31	78
81	93	51
63	87	84
83	81	52
63	62	41
14	77	67
77	3	41
64	11	76
68	58	39
93	84	88
4	31	73
68	51	85
75	55	99
66	93	82
26	38	6
78	60	69
66	81	90
13	65	8
31	69	96
56	94	90
64	59	11
54	72	85
86	64	52
81	80	85
29	19	57
11	15	12
7	37	48
80	99	64
83	65	15
55	69	52
78	60	24
11	8	6
31	32	79
42	59	51
53	51	88
61	62	85
47	25	4
93	56	51
9	3	15
77	97	76
7	31	11
56	82	44
26	4	11
7	26	38
63	66	97
99	41	57
26	2	17
14	38	12
25	42	8
80	62	97
32	29	27
25	34	40
23	35	30
47	49	6
47	13	76
16	19	18
28	17	12
60	83	74
23	67	45
68	81	38
100	72	91
4	15	12
2	44	85
99	51	91
53	57	88
86	11	21
29	97	30
65	94	6
81	69	97
13	89	8
47	32	8
76	57	82
98	19	8
9	87	94
19	16	11
37	97	51
29	84	73
99	97	76
71	98	67
2	48	17
2	3	20
92	99	70
54	10	16
37	29	8
92	69	88
25	21	33
23	47	12
63	75	77
53	28	52
19	36	21
43	13	48
26	3	12
42	40	12
39	12	38
32	19	45
4	98	64
37	28	11
98	67	28
43	5	15
37	12	45
55	58	91
78	67	96
77	72	84
78	65	6
81	76	91
29	38	24
78	77	95
29	90	18
68	99	97
75	35	20
63	2	95
89	95	76
77	98	58
54	72	38
68	70	79
98	70	20
42	19	46
67	64	70
10	16	17
71	42	61
35	17	38
78	62	76
31	22	39
87	79	96
77	65	94
19	22	90
23	22	45
92	59	33
78	60	58
35	50	3
10	38	45
60	66	57
68	87	97
71	86	51
92	76	82
47	92	38
14	44	20
23	33	12
53	99	62
62	97	91
54	98	72
60	95	88
67	61	97
61	64	97
11	6	24
86	67	91
31	35	39
99	70	90
47	78	44
32	40	22
45	52	73
4	75	28
43	55	51
56	70	91
72	93	49
47	27	48
13	14	19
9	34	46
9	34	11
31	84	1
67	48	49
7	27	8
47	48	44
66	98	11
13	40	8
60	81	58
74	72	91
25	21	12
10	29	49
50	33	6
75	92	53
78	64	82
5	49	1
68	83	66
25	17	30
55	59	88
60	19	24
13	40	28
25	27	22
21	46	1
55	53	69
72	94	52
17	11	30
7	19	22
15	46	1
77	72	82
5	41	20
16	33	30
23	69	87
36	8	24
9	79	18
54	96	84
100	48	21
63	48	73
28	12	1
71	94	51
4	29	40
55	74	96
65	56	57
4	32	11
75	60	83
23	93	18
42	40	8
37	49	57
14	50	25
60	58	87
68	27	94
53	74	93
77	52	20
14	2	28
13	14	27
63	86	61
68	14	89
68	21	12
26	41	21
50	61	22
63	84	52
23	37	22
78	89	72
61	93	65
69	96	90
68	72	62
63	70	94
78	72	38
28	22	41
71	69	8
32	69	87
43	15	46
81	11	8
27	36	6
7	48	39
35	46	33
26	87	79
1	42	30
68	75	22
50	86	70
66	51	79
72	62	76
3	33	84
31	48	46
14	96	88
66	83	70
55	74	64
38	15	30
77	58	85
70	96	1
74	62	1
25	35	30
47	67	30
75	97	94
93	88	90
92	89	94
27	11	41
69	95	70
55	62	65
37	87	22
97	51	44
54	65	56
99	82	90
25	87	44
89	95	46
43	53	33
71	53	64
97	94	96
26	31	12
56	70	57
48	17	46
86	87	52
2	46	45
31	19	12
68	72	94
64	94	79
93	94	44
66	62	96
81	99	38
31	25	81
3	38	30
61	56	76
51	57	91
54	99	6
54	77	64
29	28	15
27	36	49
43	7	13
32	17	84
62	97	84
92	67	49
54	86	49
89	64	84
43	75	80
55	21	24
81	49	84
32	28	30
43	68	15
55	36	30
50	12	85
54	91	30
4	42	19
55	98	84
6	44	24
60	98	16
86	41	1
7	49	6
13	40	91
77	41	30
23	39	15
63	67	96
58	64	52
62	70	52
83	69	89
85	55	73
35	19	85
32	29	28
16	12	45
31	49	5
98	59	90
68	95	90
13	29	5
71	68	61
43	36	8
14	44	46
23	33	18
50	42	3
83	93	94
41	84	24
7	86	62
5	21	20
98	97	79
25	19	39
100	62	82
68	62	85
78	69	94
43	55	18
3	48	6
43	41	1
50	28	21
37	4	36
47	25	42
78	80	58
40	27	46
71	76	85
50	55	18
31	80	65
1	50	18
50	41	24
43	19	36
60	79	73
78	91	84
60	83	10
42	79	44
27	6	45
40	49	44
37	22	41
7	2	18
87	97	57
32	35	15
100	61	93
40	11	5
13	81	57
74	93	96
83	95	6
100	77	45
13	32	34
63	70	96
31	35	11
100	33	45
55	69	98
35	62	51
78	92	65
66	67	17
97	82	84
37	29	27
7	27	39
59	56	84
87	84	82
92	66	90
9	59	30
56	96	33
32	40	18
17	21	73
16	48	39
26	10	44
7	8	21
9	40	17
4	48	21
78	67	74
65	96	57
50	83	59
68	98	82
3	40	96
26	47	44
55	66	84
98	65	52
60	65	95
59	88	44
60	29	28
7	38	12
83	62	76
4	92	86
31	2	28
64	70	96
60	66	32
92	91	73
42	39	38
83	97	85
7	77	44
9	75	20
7	74	24
55	66	18
77	58	93
75	89	87
56	8	12
53	19	38
89	65	90
29	53	19
50	35	73
10	22	12
50	69	48
43	34	99
100	77	70
77	53	79
2	49	15
65	22	30
29	3	24
81	41	33
92	50	15
26	50	39
81	69	93
100	77	36
93	64	51
55	93	94
32	42	87
26	23	10
14	10	1
78	64	21
97	82	24
98	59	94
14	16	82
93	95	18
14	40	3
75	99	59
83	56	45
26	19	22
87	65	84
25	3	18
7	28	17
93	91	90
37	8	45
4	10	29
14	17	64
37	92	62
100	25	53
86	93	91
37	78	72
75	50	86
75	58	24
80	69	52
9	35	55
48	22	12
74	56	51
28	48	15
81	82	45
7	47	32
9	48	49
54	59	20
55	40	22
72	61	93
58	67	95
65	76	91
42	15	41
37	31	20
34	36	12
86	87	95
99	16	90
78	59	38
36	46	6
10	29	44
19	8	39
81	69	94
23	48	46
59	94	70
87	59	84
10	34	20
98	74	56
72	39	82
47	27	61
32	69	97
78	66	81
13	62	90
75	60	86
85	25	24
31	75	30
32	41	46
42	15	1
53	58	67
72	49	12
31	80	53
9	39	15
100	92	85
42	39	30
25	64	12
25	22	12
34	46	30
7	54	93
16	5	1
99	65	76
81	93	62
9	14	17
9	35	16
14	28	17
26	23	49
63	78	73
43	14	18
14	50	46
75	56	59
63	32	76
42	34	33
67	21	82
98	67	73
37	87	85
86	49	8
81	94	73
4	91	24
34	64	56
47	31	2
40	51	46
75	92	51
37	21	46
83	97	84
66	62	91
83	82	84
48	41	22
81	99	62
7	4	32
63	72	65
37	64	5
77	81	42
54	63	11
36	49	46
47	41	20
34	19	22
9	32	8
86	69	96
53	89	28
60	61	30
55	87	96
50	61	57
13	35	2
86	40	88
2	40	36
80	96	46
89	93	90
7	10	70
99	96	52
23	48	51
23	68	15
7	31	27
47	19	39
43	32	12
95	76	51
72	96	88
63	81	95
26	27	22
78	69	90
25	87	70
37	25	27
67	87	88
69	53	51
28	48	46
10	94	38
68	49	18
69	82	85
15	6	20
9	67	59
18	38	30
14	98	36
50	19	22
15	84	30
54	78	61
37	50	49
87	79	52
28	21	22
100	65	95
4	34	3
48	5	39
26	28	84
92	39	6
68	55	18
47	35	3
42	3	41
71	68	84
11	8	1
28	16	18
89	74	94
98	19	90
7	62	57
14	42	12
14	10	70
11	41	39
77	67	95
14	29	38
9	34	16
35	49	1
71	68	54
63	93	82
67	93	52
7	25	14
16	49	44
71	89	76
54	78	98
7	50	44
75	65	94
98	61	91
71	60	62
10	42	3
13	10	11
54	89	73
78	76	91
13	35	40
81	76	96
31	95	46
35	39	6
4	32	34
92	80	21
4	14	19
31	48	38
35	61	46
35	66	96
50	28	22
4	47	6
7	50	48
55	50	51
71	97	8
60	69	56
54	83	80
53	64	62
3	62	87
71	37	27
9	10	41
55	72	97
66	98	8
37	27	84
17	70	22
23	25	39
80	98	91
23	51	21
10	44	46
98	62	88
92	34	69
69	86	51
43	80	38
21	46	24
8	38	45
20	94	24
25	53	79
2	61	52
83	91	30
98	87	96
23	13	19
86	94	79
75	69	95
71	34	40
12	6	30
53	90	73
71	58	62
71	62	59
17	97	5
75	92	67
7	10	11
66	58	76
45	28	30
71	65	52
31	100	17
98	80	93
2	93	48
47	38	44
63	65	96
55	80	87
45	84	91
47	94	82
98	64	57
17	39	44
7	5	30
75	93	91
14	35	44
7	31	2
92	81	61
65	56	96
7	50	1
26	32	5
100	58	84
56	97	44
89	93	65
25	84	20
63	77	79
53	21	91
66	95	70
67	59	51
9	27	28
65	70	52
68	61	95
40	8	6
78	77	73
16	22	15
65	95	82
77	72	73
98	36	97
50	21	39
55	98	64
42	49	91
36	46	18
64	94	97
55	97	88
51	15	90
81	98	95
80	53	58
86	96	52
20	69	85
83	27	41
66	99	84
49	15	6
43	3	5
95	6	46
53	65	94
10	2	6
4	42	41
25	39	38
10	42	28
65	8	44
93	82	45
83	67	6
23	7	6
68	63	90
100	69	59
10	72	45
83	98	72
7	65	94
43	69	81
19	8	12
63	34	57
98	3	38
7	80	40
25	67	1
78	69	89
86	70	85
71	80	84
42	87	70
25	40	5
13	42	41
100	70	73
32	5	38
47	13	62
9	47	18
94	46	30
16	17	21
74	56	88
74	88	45
37	19	1
47	40	33
66	53	90
26	50	17
63	14	12
71	75	89
10	48	45
77	83	58
7	14	38
86	64	73
100	60	69
27	64	33
54	59	33
29	3	20
42	2	98
78	27	48
31	49	22
47	34	28
30	12	1
75	3	61
19	39	45
77	80	70
68	58	95
13	32	40
60	87	84
74	87	70
60	93	51
71	69	58
32	67	39
89	17	57
29	16	17
60	93	76
43	13	85
18	44	1
92	55	58
13	77	44
55	81	20
96	6	85
47	27	36
4	80	46
14	53	58
31	8	38
74	94	76
14	21	46
47	50	8
61	56	82
23	69	5
53	88	85
68	81	79
78	97	85
63	56	70
100	99	59
69	52	46
71	65	85
32	72	93
13	11	24
40	36	49
50	34	48
13	42	44
8	41	18
99	70	79
67	65	95
99	72	65
100	83	40
54	89	91
31	28	12
25	32	2
60	72	56
45	4	20
16	93	44
34	49	38
15	33	18
77	88	57
98	86	67
35	11	44
31	2	17
99	95	79
83	72	49
71	61	74
71	70	97
7	31	20
4	34	21
47	3	20
92	90	45
37	42	17
50	28	33
68	90	82
4	29	20
74	70	91
53	99	88
9	47	42
89	28	46
13	2	24
71	75	79
42	2	45
63	92	98
54	95	88
67	65	36
60	89	5
69	97	85
68	72	61
81	49	82
54	66	74
43	36	1
7	9	11
18	39	30
99	59	88
43	36	33
15	88	20
25	36	41
28	8	20
60	53	48
92	52	57
31	44	45
92	22	44
83	56	91
25	28	48
35	5	15
70	94	52
35	81	80
4	17	41
92	52	85
72	94	91
13	31	42
22	57	73
64	79	85
7	14	46
7	14	30
78	67	72
11	22	46
25	100	11
25	32	29
72	99	20
98	96	85
7	86	18
7	37	46
71	55	52
86	58	56
71	34	11
80	69	89
9	40	41
71	27	87
20	41	30
4	47	22
60	59	45
9	42	90
54	51	85
25	34	33
38	33	41
89	36	84
29	40	45
66	72	95
35	22	90
53	93	94
86	97	96
66	83	67
3	97	1
28	36	48
80	67	82
47	50	19
34	5	15
50	49	12
87	90	84
75	90	73
26	19	88
53	19	85
23	49	33
40	17	21
54	65	59
29	3	21
83	98	58
78	21	44
92	58	84
26	31	76
4	50	12
78	51	90
67	99	90
78	81	86
28	56	90
54	83	93
68	35	1
32	27	22
47	93	88
80	61	99
15	22	20
86	62	91
8	22	79
7	4	42
27	39	33
80	65	76
32	72	95
80	86	49
86	76	57
68	93	1
43	31	55
92	77	72
9	6	91
16	5	45
94	51	45
53	74	64
19	11	91
27	59	97
9	11	39
50	16	49
98	58	64
9	17	39
10	91	18
41	12	18
63	51	84
63	17	48
60	69	90
32	49	6
80	56	90
43	32	15
100	29	6
75	74	41
60	90	85
23	29	85
78	21	20
70	39	46
41	6	46
58	94	5
43	4	8
100	89	72
7	23	35
55	74	62
7	47	15
100	55	57
63	56	90
77	76	73
54	77	36
95	91	85
60	67	94
42	34	38
77	19	84
4	35	46
54	98	61
72	65	90
28	16	21
69	5	12
92	75	86
64	88	18
7	77	29
34	49	12
81	99	59
23	2	16
99	72	96
74	79	73
58	28	82
14	60	39
60	34	24
73	28	1
81	58	2
26	3	8
9	3	30
71	91	82
10	95	94
100	86	62
7	13	27
7	39	24
9	10	42
65	36	96
9	10	95
60	64	12
32	64	51
63	89	70
4	87	84
54	78	65
47	53	49
54	87	85
31	67	82
35	29	16
92	69	89
77	59	91
25	62	41
54	56	85
89	72	95
16	62	64
67	58	64
66	51	24
67	90	52
64	51	82
67	94	8
23	4	25
64	76	88
64	88	90
24	63	1
58	88	85
7	83	73
18	93	45
37	19	8
37	13	1
26	49	15
2	89	90
31	55	94
23	68	31
54	90	85
81	89	91
26	32	8
83	59	56
54	68	90
55	72	52
99	90	52
93	64	91
63	51	85
53	74	56
72	51	91
54	25	59
68	98	62
37	29	89
7	2	1
73	39	18
31	77	59
17	46	20
25	55	41
69	56	91
25	6	45
25	22	6
10	36	5
43	8	1
83	67	87
23	66	1
69	87	88
25	97	21
19	94	96
55	76	46
92	84	91
54	99	61
97	96	82
58	61	99
53	97	73
4	36	12
80	40	88
75	55	67
67	99	56
37	48	45
50	97	15
77	58	96
7	31	21
54	66	82
54	72	93
55	62	51
35	11	39
78	97	90
100	75	77
64	90	84
68	60	77
77	67	45
43	2	33
92	75	91
13	50	36
26	43	14
34	19	48
27	51	90
98	16	84
14	42	1
17	59	88
9	29	22
71	58	65
71	51	73
11	49	18
58	56	95
63	75	76
31	39	6
69	61	84
23	37	60
43	25	48
99	87	56
70	5	90
35	33	24
72	93	91
80	97	88
42	77	17
32	10	21
81	17	6
31	19	1
9	31	19
25	72	56
26	48	24
68	66	82
51	52	85
54	76	88
43	9	39
3	41	20
14	65	52
23	34	5
31	77	30
43	2	30
42	3	1
60	98	91
71	54	89
26	46	18
40	11	8
36	17	39
17	21	45
55	58	52
68	59	97
9	19	22
55	65	56
7	40	12
35	21	46
78	66	76
23	87	45
69	46	45
10	11	6
23	38	21
92	60	96
75	50	12
7	58	17
55	83	35
68	76	57
43	68	61
63	17	46
40	5	1
31	35	40
59	88	90
31	38	18
83	77	93
69	72	44
19	8	45
80	58	21
92	58	65
23	72	11
36	41	22
98	58	59
55	53	89
53	65	52
14	50	5
7	25	21
27	8	38
50	42	32
17	49	15
13	11	46
10	19	52
31	10	5
9	25	19
63	54	68
24	27	20
98	59	96
13	50	35
66	56	91
54	62	41
14	3	45
43	23	27
17	11	46
56	79	84
2	3	15
71	74	64
37	25	10
8	21	1
92	79	90
26	8	33
79	91	88
34	29	97
25	10	36
31	29	11
9	8	84
55	69	84
78	60	96
80	94	51
86	74	22
68	48	6
3	48	45
7	9	81
83	17	11
55	81	97
89	96	90
71	72	93
98	89	94
10	19	11
32	36	95
66	69	83
23	16	12
100	74	84
4	31	33
10	99	48
11	76	90
80	90	52
48	41	33
87	56	79
100	77	90
78	58	79
35	19	48
34	65	41
80	11	39
47	27	16
93	94	85
95	88	73
4	70	90
13	16	85
100	89	87
39	15	6
8	46	73
42	36	45
68	92	93
2	28	8
98	64	52
58	41	12
77	81	73
28	12	18
72	57	73
37	16	45
17	6	46
32	2	33
50	21	44
80	87	59
92	51	82
60	89	57
11	8	12
49	39	8
35	42	82
27	94	51
68	69	64
72	61	88
100	95	52
71	91	84
55	58	51
68	72	44
83	93	85
68	98	81
81	62	91
26	47	6
80	38	24
23	5	39
35	3	58
4	32	45
77	96	57
31	16	12
62	95	79
63	75	61
99	16	59
31	50	28
55	72	93
92	87	57
86	74	11
2	27	49
37	25	29
21	39	1
58	93	87
63	58	90
47	25	29
43	31	6
54	74	41
26	24	18
5	21	73
23	72	39
56	76	41
1	22	24
71	63	74
9	16	18
63	58	85
64	56	95
9	8	79
7	13	45
67	82	85
31	92	21
3	17	46
59	76	33
71	58	73
63	78	87
25	3	5
7	17	44
5	39	33
14	31	29
54	58	99
32	27	44
69	93	12
26	12	18
40	21	18
47	99	96
7	95	39
47	2	24
7	3	49
92	72	65
68	22	91
3	21	30
1	7	24
41	6	21
48	87	45
63	42	69
89	72	93
98	93	62
60	66	77
98	86	99
23	36	20
83	86	79
37	14	16
78	89	70
74	94	79
47	10	97
56	90	18
3	72	62
53	58	96
70	90	57
60	59	94
60	48	90
23	4	40
43	23	22
7	40	28
77	3	24
68	94	12
13	28	24
64	94	96
47	13	19
27	38	18
80	59	76
68	60	8
99	27	85
23	50	32
4	31	21
68	81	64
68	66	95
98	53	88
7	51	85
67	99	91
100	83	59
69	74	87
66	79	82
21	46	18
81	56	82
86	58	74
43	39	24
58	99	95
98	5	84
45	11	30
63	92	97
9	75	77
47	28	8
55	51	57
89	99	64
83	67	51
77	59	56
9	67	52
34	87	41
27	48	12
35	2	40
55	77	59
13	35	21
87	97	76
23	12	45
28	22	24
35	36	6
60	53	72
71	81	80
75	55	76
47	34	44
78	59	22
77	53	99
14	40	11
10	2	11
37	3	19
34	70	84
26	13	19
25	34	16
5	41	44
79	22	6
9	13	38
50	19	33
13	31	89
78	42	28
7	36	46
54	53	98
65	97	15
43	14	24
14	10	45
43	4	29
87	56	91
13	11	5
31	49	21
61	70	20
7	40	21
7	49	18
100	61	46
77	67	62
92	87	84
100	34	49
92	89	51
60	66	90
92	14	83
30	72	73
7	23	14
38	46	12
63	67	56
74	28	95
10	32	8
27	59	30
32	42	11
92	55	66
42	34	40
37	50	8
92	61	70
50	17	76
68	25	49
9	42	11
42	3	79
26	52	57
32	6	44
54	92	67
68	54	87
63	60	74
68	42	22
60	69	74
77	93	91
68	37	59
43	2	17
99	51	90
50	27	12
63	74	84
47	83	97
67	17	41
93	76	52
74	59	51
7	9	15
81	65	46
20	36	45
68	38	45
69	95	52
32	39	6
72	65	96
66	62	41
42	72	85
77	61	85
60	80	97
14	28	5
69	70	91
53	28	73
7	17	91
78	74	90
81	95	56
31	28	24
17	97	39
3	11	38
68	93	95
100	98	73
9	28	97
9	35	39
77	90	18
47	29	30
36	48	11
98	93	91
8	15	45
7	37	31
50	42	16
26	29	24
23	40	41
99	94	90
54	57	73
27	19	21
32	2	8
35	93	91
4	9	52
29	36	15
7	32	41
83	17	49
66	81	62
98	99	87
99	65	91
49	22	38
26	47	86
53	36	6
3	8	33
71	23	98
68	5	73
34	48	51
10	48	41
75	99	91
4	19	8
43	27	38
18	14	45
86	74	70
7	40	38
47	53	70
14	21	12
95	59	46
9	31	78
77	81	99
68	66	57
11	51	85
2	3	27
77	93	85
75	87	73
75	93	64
99	65	88
60	17	49
75	83	94
60	53	91
64	52	73
9	40	39
67	72	84
23	95	33
34	87	85
98	64	88
45	86	30
9	47	46
31	19	94
4	42	49
16	21	45
68	62	95
37	31	84
5	38	24
72	59	51
60	81	94
59	57	45
83	77	69
7	60	72
77	69	91
40	88	30
42	44	30
53	76	84
54	69	84
19	94	8
29	46	18
26	42	38
13	49	46
28	11	46
34	27	24
83	22	85
7	8	46
14	15	39
75	58	93
67	89	57
10	3	36
86	64	84
18	46	30
80	53	98
32	17	21
71	89	79
77	61	57
47	48	41
68	83	99
63	59	94
25	58	52
71	24	85
98	88	46
47	8	24
92	53	36
66	87	59
26	49	5
68	88	73
40	97	88
83	48	49
32	3	6
80	3	51
100	97	46
97	79	57
61	87	79
86	56	94
100	86	45
14	10	44
29	15	73
99	8	22
37	25	36
9	4	19
78	77	53
53	56	73
92	69	74
54	74	39
26	35	36
26	41	33
2	12	44
37	16	44
92	99	74
83	81	93
32	88	30
58	67	96
69	28	70
66	79	84
3	33	20
78	55	97
68	89	51
30	35	24
31	3	6
92	86	70
23	60	95
7	13	22
10	40	48
38	6	18
37	25	3
75	58	52
75	66	58
91	33	1
7	83	27
47	34	8
7	31	44
58	87	76
7	27	16
92	95	90
54	59	97
93	79	51
42	74	36
26	35	21
55	60	95
26	53	17
31	83	27
89	84	88
83	61	51
92	62	73
75	100	56
68	53	95
80	98	73
80	62	82
92	98	67
34	40	1
63	75	65
31	33	24
13	40	5
87	59	64
13	44	90
75	62	85
32	17	5
53	64	46
75	14	66
53	39	46
74	22	88
75	12	18
7	3	8
26	49	45
68	69	85
35	8	22
58	87	95
63	77	90
50	36	5
23	13	2
92	89	87
75	100	99
67	58	90
14	5	39
45	35	20
55	65	51
17	76	22
83	42	97
10	35	46
69	22	18
50	3	18
55	17	1
43	15	44
35	41	12
3	74	41
1	57	30
54	68	80
19	5	73
4	42	6
76	38	90
56	94	73
32	5	1
7	43	27
36	21	1
20	16	30
75	88	85
75	25	77
35	59	79
93	62	90
23	92	94
23	80	8
18	80	45
14	10	55
80	58	93
53	67	94
81	70	76
8	22	24
67	27	16
71	99	57
100	87	82
63	98	52
65	59	84
86	89	76
54	61	82
54	75	63
4	2	33
78	28	79
81	89	90
43	8	46
78	69	45
67	95	24
7	8	38
23	45	18
99	72	95
42	44	24
99	61	87
36	11	45
71	75	10
43	55	61
7	34	88
25	53	20
83	58	51
77	17	20
11	49	88
54	83	62
48	22	30
13	49	18
9	31	33
98	56	97
86	72	73
31	32	22
61	90	88
77	89	90
86	53	36
54	69	22
25	17	44
71	83	79
97	76	57
75	55	77
43	19	45
19	15	12
66	94	76
32	28	24
54	99	84
16	8	20
68	70	22
48	79	15
50	22	85
27	19	17
4	12	6
71	59	33
37	22	45
53	64	87
39	44	24
36	33	18
97	90	73
54	80	12
65	84	85
47	37	19
65	88	12
93	70	84
34	67	41
4	77	74
43	50	33
81	72	95
71	63	73
93	62	79
42	40	67
53	62	38
95	49	6
62	56	59
81	3	16
72	56	82
100	67	85
35	8	57
71	63	69
9	69	99
98	65	91
35	3	76
13	5	30
40	3	12
43	29	38
14	42	28
25	32	3
86	29	84
6	57	82
7	81	40
31	29	98
69	52	73
68	98	45
7	60	95
31	98	40
63	98	76
1	13	20
92	89	85
68	60	61
25	94	57
37	11	24
77	80	39
71	51	84
71	27	79
15	6	18
68	59	73
14	98	28
63	78	30
3	8	46
14	50	31
14	28	51
32	28	20
96	82	41
78	72	64
63	70	57
35	93	49
43	8	41
78	35	17
94	88	73
4	10	59
2	27	39
37	40	30
7	16	21
10	11	21
53	87	97
63	89	84
54	98	52
63	29	11
72	52	24
42	6	52
29	72	93
32	46	82
92	83	85
72	57	85
67	79	73
29	41	24
92	90	52
63	69	88
88	91	82
29	28	48
10	12	20
13	88	20
9	25	47
100	32	34
62	56	90
9	4	14
25	78	18
13	28	8
50	34	21
47	11	22
83	94	79
27	5	1
47	50	64
37	19	22
9	27	90
71	63	98
56	51	91
27	28	49
43	3	49
26	47	38
50	2	3
67	93	87
62	88	82
68	57	73
75	3	85
54	76	49
55	72	87
65	8	33
58	65	97
2	36	38
47	90	20
17	96	33
4	17	39
63	28	5
29	48	49
37	34	22
34	15	20
59	51	73
98	74	61
71	83	80
75	60	94
9	61	51
49	39	44
63	75	67
71	58	93
100	60	94
21	41	45
56	82	20
31	41	39
77	89	64
92	83	38
34	41	24
69	53	57
86	53	90
98	61	62
3	21	44
40	46	1
68	77	17
3	28	70
26	43	18
28	38	6
43	37	36
53	95	91
42	17	46
47	25	3
47	29	49
56	94	44
71	74	73
30	99	73
83	42	99
55	61	85
100	62	96
87	59	73
1	14	24
55	66	52
37	42	24
71	67	1
31	86	20
43	31	48
23	32	98
3	21	41
61	56	73
100	74	90
7	5	33
69	51	24
8	39	33
26	54	78
26	8	6
63	67	72
7	37	10
77	67	94
75	56	22
77	94	84
35	42	22
23	98	96
99	8	82
53	89	85
2	16	20
14	49	12
32	44	30
25	22	46
43	19	6
92	53	52
5	79	20
26	47	33
23	9	24
53	96	45
83	90	24
32	28	1
54	51	90
13	42	1
60	66	33
50	2	44
54	42	49
77	74	87
2	39	38
100	99	87
19	48	97
17	6	30
14	17	6
75	80	73
64	76	57
36	8	39
86	59	91
50	17	21
3	28	11
80	51	22
23	14	6
29	49	22
71	95	57
68	66	85
61	5	57
37	59	70
4	33	45
24	90	84
50	6	91
7	40	3
60	95	82
53	58	97
68	83	62
35	29	22
71	75	96
3	93	24
93	56	57
71	76	6
14	35	22
29	67	38
35	48	41
66	77	67
2	69	30
83	86	99
7	48	62
7	68	88
99	57	90
47	72	93
23	95	45
9	28	48
68	96	73
81	58	93
59	57	82
71	38	84
100	93	59
27	17	30
71	80	85
92	53	65
92	46	1
35	15	45
31	99	6
26	42	59
54	83	73
75	67	90
25	70	6
23	9	1
4	2	17
10	80	51
13	34	6
42	6	20
94	90	91
34	81	88
43	31	22
68	78	66
71	51	96
31	8	39
78	100	73
28	15	46
47	2	11
77	84	57
7	53	18
23	83	62
78	81	91
23	16	41
69	74	93
78	89	79
34	11	21
16	6	18
89	74	57
25	42	46
47	15	88
26	19	1
31	48	45
92	13	74
30	36	20
23	25	20
100	58	65
71	86	94
86	90	57
54	92	69
68	9	66
3	19	12
2	8	46
10	27	17
80	59	57
67	16	38
53	59	82
63	99	85
31	82	20
69	58	61
31	74	33
60	67	59
26	36	11
78	66	70
50	2	39
37	74	51
68	10	85
87	22	12
67	56	70
8	21	6
42	62	57
54	25	70
54	91	88
8	5	22
81	98	89
77	95	8
37	50	36
75	98	58
14	21	22
77	58	67
26	38	82
59	57	85
4	27	46
4	35	49
78	75	77
35	11	76
55	35	76
65	64	87
68	58	93
77	95	6
97	49	1
56	95	79
66	72	84
59	44	6
36	8	96
3	94	52
78	60	88
13	16	44
29	62	38
67	95	39
67	99	58
26	77	57
28	33	90
60	36	22
81	94	90
24	32	45
4	81	45
50	69	61
26	2	40
80	81	79
75	99	90
5	38	21
14	6	1
10	86	67
86	62	95
63	28	87
7	66	89
26	32	11
53	36	21
43	4	23
63	76	88
78	75	57
63	78	35
80	46	24
4	13	50
68	99	59
9	3	1
28	33	18
85	91	57
80	74	90
100	97	11
70	51	12
63	2	56
81	61	73
42	94	22
56	70	82
5	8	20
53	69	91
7	19	16
7	36	18
66	53	76
83	72	24
83	66	96
48	59	5
23	31	12
3	56	30
16	87	76
7	48	18
43	32	60
80	59	52
23	46	6
31	48	22
62	79	90
53	89	59
66	93	84
7	34	33
42	29	38
58	74	79
62	87	84
42	22	18
3	93	22
79	6	20
54	14	94
19	70	46
54	74	84
75	65	84
26	29	30
95	57	84
68	58	65
80	94	12
26	37	24
71	76	52
100	77	65
25	17	62
1	19	45
9	27	44
4	10	11
13	16	15
92	89	48
42	2	19
92	97	52
23	14	31
43	64	8
77	69	94
9	49	39
66	64	90
77	81	51
62	87	52
60	61	96
71	83	62
97	88	85
31	35	42
4	16	18
4	14	11
71	28	73
47	10	28
42	74	70
26	47	57
100	60	82
55	64	94
81	99	87
31	93	46
42	28	41
63	32	86
60	50	72
9	35	20
25	17	20
98	86	73
68	96	33
71	66	64
42	53	1
9	90	1
16	28	20
50	19	15
35	36	45
50	36	30
92	80	91
65	56	70
7	11	12
34	19	24
32	74	93
31	28	39
54	36	95
54	100	65
4	13	39
41	39	30
86	56	91
63	56	84
27	64	46
68	93	39
32	99	39
37	4	46
66	67	27
26	78	100
83	81	89
36	12	33
23	4	28
58	51	91
27	8	45
42	11	46
86	56	22
7	40	11
37	27	24
14	11	22
68	100	95
50	35	30
60	10	90
26	7	17
50	36	48
50	96	33
68	87	57
63	77	53
59	82	88
99	96	24
55	53	33
14	48	20
43	25	1
71	86	6
10	41	44
69	97	91
81	19	12
69	61	87
25	16	56
61	15	73
54	55	77
92	55	85
35	81	20
2	15	46
15	38	39
92	81	96
23	25	2
54	50	94
29	11	5
9	13	19
50	2	41
66	61	87
43	23	30
63	72	87
7	41	24
92	80	84
63	93	94
42	17	49
54	80	79
19	65	87
47	81	76
50	64	39
75	3	88
13	27	73
29	22	20
69	61	90
47	13	20
93	49	6
47	29	36
63	72	41
14	83	91
19	46	18
78	89	51
99	93	56
27	59	91
78	55	99
9	32	16
47	4	19
66	89	93
71	47	39
26	27	11
68	97	82
82	33	18
100	89	76
99	95	82
91	82	57
80	58	64
63	89	65
47	21	96
96	88	44
23	7	17
99	56	79
70	79	73
16	15	39
9	14	44
48	22	20
69	80	96
23	29	12
92	67	85
89	61	79
9	36	21
92	98	95
35	41	45
69	52	85
70	90	20
37	34	33
100	61	90
75	89	85
36	90	85
63	55	89
32	16	17
55	81	89
8	44	30
95	8	90
92	98	59
23	41	15
14	34	40
4	49	22
83	97	51
71	31	96
14	46	30
25	40	39
28	6	33
54	13	99
81	84	91
23	32	10
35	34	40
29	62	11
60	81	95
26	53	57
49	21	12
34	80	94
95	94	91
63	78	67
4	10	19
63	72	84
34	6	57
26	31	15
56	70	96
78	77	65
45	32	20
7	25	42
37	21	33
54	61	85
68	86	89
31	34	22
9	36	33
58	17	5
35	98	94
4	81	88
72	96	90
55	59	96
37	38	6
35	46	18
77	40	16
14	39	38
36	70	5
25	40	28
67	16	64
37	13	95
36	84	45
95	56	96
35	74	82
37	10	36
54	80	51
43	29	5
54	72	73
68	54	84
13	3	22
37	34	15
55	69	76
42	40	1
15	44	1
80	56	84
4	11	49
29	11	12
26	48	46
40	11	20
40	17	38
71	54	58
83	51	79
78	87	24
23	7	43
23	4	20
32	19	20
99	93	97
37	31	19
69	79	82
30	40	24
47	22	41
28	38	39
2	76	84
61	57	85
51	96	73
43	58	21
68	92	17
99	95	84
23	43	46
71	17	20
67	74	76
42	2	15
23	32	28
45	90	73
42	40	6
98	93	73
34	2	33
40	19	46
32	33	20
7	42	6
78	10	12
4	2	49
62	87	76
35	38	22
26	5	1
37	27	30
23	53	74
78	86	98
65	56	82
23	29	1
68	77	89
29	94	21
4	75	24
14	42	36
4	14	20
80	82	44
49	96	90
93	36	59
80	79	49
34	48	5
31	19	5
81	65	76
68	56	59
31	94	38
16	11	39
66	27	95
60	89	65
71	31	27
99	56	84
14	50	48
97	21	45
23	48	1
56	82	85
65	57	73
54	84	88
13	21	12
100	62	57
43	2	38
61	76	90
40	27	28
29	27	52
1	87	24
95	70	84
23	36	15
68	35	49
80	59	95
75	97	24
99	62	57
98	89	74
14	34	20
7	48	30
49	41	21
89	67	82
9	53	94
71	5	44
66	95	51
70	39	38
31	60	85
3	22	46
55	83	82
47	32	28
14	40	39
76	91	73
68	97	76
68	80	57
25	35	28
47	15	39
8	21	15
92	70	96
3	67	17
50	58	36
7	4	10
66	87	52
47	16	1
38	57	45
78	79	90
83	67	62
56	84	85
92	82	73
59	57	84
4	29	44
22	46	91
23	28	62
9	17	21
14	34	15
13	40	19
26	13	33
92	66	58
58	76	73
83	72	12
25	36	70
18	4	24
96	52	73
58	64	87
26	34	69
66	98	52
71	68	56
7	66	62
23	35	34
1	30	45
54	78	40
21	41	18
49	41	44
92	99	52
25	94	1
14	76	46
28	94	90
4	48	6
31	10	38
37	87	30
92	96	82
42	34	56
21	22	1
54	77	76
13	80	90
68	51	90
23	97	38
78	61	96
86	59	51
28	76	90
68	99	57
71	69	19
95	56	88
47	35	24
9	38	24
80	94	57
57	44	20
23	34	19
74	56	79
67	16	6
47	81	39
16	39	38
83	96	90
75	55	58
68	63	81
9	42	8
43	70	49
56	79	24
36	59	1
30	10	1
60	80	96
32	80	84
7	83	62
65	97	41
71	70	11
99	36	56
29	49	45
74	87	91
26	41	22
80	86	64
86	52	73
4	6	20
32	41	18
83	99	56
47	14	88
2	3	33
59	95	82
43	48	38
80	17	22
67	62	79
63	78	61
10	21	1
2	3	28
81	93	96
63	58	62
78	87	95
66	69	51
98	3	56
20	12	18
11	21	12
31	3	49
55	28	15
50	40	11
37	75	86
16	48	70
53	51	82
74	65	85
35	6	90
7	4	82
4	56	70
4	14	6
3	38	20
80	49	84
43	29	20
100	62	94
16	17	39
75	86	88
17	41	12
58	79	41
55	96	85
81	58	64
93	28	95
43	31	25
92	66	76
23	66	73
97	49	45
89	99	87
43	25	22
99	19	76
50	34	36
26	32	40
63	89	52
25	79	73
65	94	11
47	34	56
16	28	46
27	48	45
58	79	82
86	95	44
10	53	15
28	87	85
92	66	8
68	100	70
9	37	6
63	64	97
69	64	95
13	3	89
63	99	15
71	55	87
81	97	96
75	34	61
26	23	14
42	28	33
75	99	88
54	81	6
23	98	70
42	39	33
26	22	30
80	58	17
7	6	46
55	22	57
26	31	5
23	19	48
35	2	41
60	67	76
93	87	90
72	91	24
62	95	76
78	56	70
7	100	90
7	13	5
80	58	70
58	65	73
63	54	89
17	5	6
66	74	76
67	99	95
63	66	64
50	87	11
100	92	81
14	10	2
4	42	12
62	65	87
25	77	19
93	76	82
47	3	38
35	49	15
19	95	73
13	12	33
32	94	91
23	10	42
13	50	41
100	58	52
75	92	99
38	57	1
31	27	20
8	6	12
17	36	46
80	72	51
40	48	79
78	65	85
35	16	49
13	42	22
77	89	70
89	97	38
34	27	18
30	49	1
99	72	88
23	39	33
54	50	51
13	2	45
83	81	56
54	62	95
68	95	82
43	9	49
53	93	56
43	26	22
4	3	30
7	72	82
81	97	82
100	98	87
43	35	1
83	70	52
66	74	94
89	61	56
80	81	57
63	89	62
2	8	1
25	40	6
29	27	15
29	46	1
80	72	90
25	28	39
23	14	5
100	99	95
74	70	41
30	25	24
60	76	85
80	72	76
71	93	52
85	77	73
54	100	56
83	86	76
92	98	62
2	80	36
41	6	24
78	77	87
10	50	38
43	63	65
65	90	85
75	32	44
58	72	79
10	42	44
70	94	88
16	39	46
42	34	3
4	19	5
47	4	48
23	17	46
43	23	25
9	87	49
92	99	16
60	64	59
75	61	90
65	79	84
87	51	52
75	60	98
10	17	22
25	28	18
35	66	36
60	80	93
43	13	27
59	70	12
63	41	39
29	53	8
16	48	12
7	10	38
23	47	44
50	34	45
92	65	84
76	96	57
72	62	73
81	74	94
65	62	39
55	89	99
47	31	19
86	95	45
53	70	57
4	36	18
99	56	73
60	29	15
16	48	24
98	74	59
100	80	45
7	29	1
99	56	94
42	80	76
83	93	33
60	86	96
14	29	11
55	62	76
20	32	18
54	86	64
68	16	62
77	62	57
60	76	96
7	14	41
29	48	62
40	28	39
26	9	44
13	34	5
80	11	38
26	9	20
60	51	73
50	49	20
83	40	59
86	89	79
31	42	87
71	89	51
61	96	91
40	21	15
2	41	6
92	78	82
16	49	1
13	3	30
63	60	58
54	75	57
37	32	15
71	53	76
10	81	89
25	42	44
89	65	97
4	35	42
31	17	22
53	38	24
4	42	22
50	22	18
80	58	61
72	56	70
14	8	41
75	99	64
77	99	96
63	60	88
17	8	46
69	72	96
2	49	44
9	47	57
11	6	30
75	55	78
4	75	2
13	8	15
75	79	51
47	35	91
75	64	97
14	2	44
19	22	18
63	55	1
13	72	52
30	46	1
25	29	38
37	74	96
83	19	1
14	25	1
83	8	46
68	29	99
16	28	39
9	58	85
7	9	46
23	40	49
71	19	97
66	80	94
25	61	1
74	70	84
7	37	47
9	27	21
71	69	70
25	17	38
4	13	49
7	8	6
43	14	42
99	51	8
9	14	21
35	40	15
63	19	46
9	40	28
80	76	73
99	64	12
61	49	45
71	66	70
68	50	61
54	89	88
62	95	70
16	87	22
32	27	85
2	3	5
40	48	17
26	53	96
56	38	73
98	93	82
13	29	36
83	94	82
72	84	73
32	99	94
92	21	73
60	89	51
10	95	57
37	27	1
86	97	52
4	67	19
71	52	45
92	25	95
28	49	24
9	37	41
43	29	99
3	61	16
71	55	84
23	15	24
55	93	65
53	27	24
7	5	39
42	69	45
25	89	33
47	44	20
53	38	30
96	52	57
71	98	62
71	91	90
47	100	46
71	55	77
55	94	96
34	62	41
31	32	15
100	64	73
2	3	12
9	50	28
20	10	24
87	76	85
92	51	88
42	2	65
34	48	56
80	99	17
71	56	70
40	5	18
42	2	38
78	36	8
43	58	89
34	94	1
25	95	96
87	49	91
43	34	38
3	62	76
35	3	16
69	40	21
42	64	95
29	89	45
34	82	1
68	66	33
66	96	82
63	66	83
42	38	24
63	60	96
66	83	52
78	70	88
37	14	6
86	67	59
22	12	1
43	72	95
2	8	12
47	28	46
3	46	30
25	34	3
54	58	52
87	57	91
23	56	1
36	12	1
80	98	69
67	62	87
100	32	19
54	94	52
97	79	91
92	78	70
2	27	8
43	80	91
71	99	74
63	66	65
75	65	18
37	14	27
74	90	85
83	93	62
54	17	39
35	21	12
63	89	96
9	22	30
43	28	5
7	37	76
29	22	90
71	66	80
34	8	24
77	86	70
35	28	45
60	53	85
54	77	95
25	10	12
2	36	30
62	56	57
7	100	10
43	36	17
63	88	73
3	27	21
68	86	56
34	79	85
53	58	19
99	87	94
43	13	24
63	78	89
43	54	85
37	66	15
47	74	64
81	56	94
13	16	11
77	76	82
13	49	6
54	89	79
80	98	74
54	95	57
64	84	52
26	92	62
4	40	90
7	75	34
35	19	20
17	62	1
60	62	56
10	8	20
78	97	94
50	17	41
68	35	83
7	31	50
83	81	91
25	29	8
3	27	15
43	36	45
14	39	46
50	94	84
23	66	70
19	62	95
7	10	46
37	56	24
100	61	62
54	92	73
13	8	21
96	90	12
53	80	88
54	86	72
86	61	90
99	41	22
19	51	46
23	25	57
68	81	51
63	88	12
63	58	51
47	35	11
29	48	33
71	60	59
14	50	99
83	62	85
37	13	34
8	90	85
60	58	52
9	44	12
36	95	39
4	32	16
23	69	40
89	61	12
60	62	8
63	4	69
32	83	90
89	74	56
23	79	57
37	28	41
4	48	8
13	29	20
66	80	84
13	39	6
51	57	84
25	86	69
13	88	30
77	38	44
100	28	59
27	41	1
9	8	24
68	86	51
54	99	91
47	13	15
4	74	6
63	77	38
13	55	40
70	90	73
54	93	49
14	8	45
53	58	87
26	58	89
78	65	88
3	41	1
25	27	8
54	41	91
19	36	11
23	14	60
26	14	12
35	3	46
54	78	96
47	63	3
27	48	46
48	41	24
7	38	15
60	51	85
68	75	74
14	86	94
100	86	44
43	13	41
80	74	70
37	17	46
71	78	100
7	38	73
26	9	49
63	33	18
98	81	52
86	58	52
72	79	52
31	17	30
77	64	85
92	34	11
83	96	38
80	64	70
41	12	33
7	48	57
26	46	20
26	16	20
69	64	87
14	92	24
19	48	11
81	65	57
7	23	50
68	100	82
68	61	87
74	65	41
23	29	20
32	39	30
71	81	65
3	39	33
59	6	20
10	55	11
81	99	65
43	48	30
100	40	15
100	98	8
24	63	73
63	48	84
31	36	6
34	16	24
68	83	49
100	98	72
75	27	48
74	70	96
50	40	5
54	81	33
89	79	76
78	66	90
86	62	87
78	99	93
18	17	45
87	52	24
8	38	21
47	12	52
23	49	52
65	82	73
23	27	6
54	55	62
50	19	95
37	40	46
56	97	95
87	97	90
13	72	33
99	72	87
18	3	1
68	65	91
66	93	65
47	39	38
50	11	5
25	50	34
63	11	90
89	82	73
95	97	52
98	56	82
7	22	33
87	64	70
4	42	40
32	3	27
26	48	12
75	65	51
26	2	8
83	81	42
32	16	5
13	10	27
54	80	90
25	50	15
13	8	45
53	59	79
63	75	64
10	42	24
54	69	56
99	72	73
16	48	5
81	61	95
69	70	84
14	49	15
98	74	57
9	12	33
25	41	30
98	27	6
85	48	24
50	83	49
23	4	22
76	52	90
4	57	45
10	27	6
54	77	61
13	99	33
67	74	91
75	96	85
29	86	1
54	81	79
86	99	57
4	25	92
35	42	20
10	35	48
3	72	57
35	98	87
67	61	65
35	22	20
26	44	24
78	12	45
25	32	24
10	58	18
23	6	82
43	4	48
77	51	57
7	9	45
54	98	5
63	69	59
98	74	52
89	70	11
63	54	77
70	51	30
58	79	91
72	79	82
9	17	11
32	38	1
75	89	65
100	58	87
72	95	79
83	95	91
35	95	41
42	27	33
53	72	97
78	66	53
7	38	18
13	80	15
35	42	5
78	70	91
50	72	45
80	89	97
32	5	21
4	32	28
25	10	30
71	54	66
95	96	1
83	53	96
66	3	1
31	25	42
16	17	46
40	17	82
9	2	21
17	46	1
35	11	21
27	22	1
5	39	30
42	8	33
68	99	70
25	58	49
32	66	61
78	83	46
43	47	45
71	54	98
78	81	80
40	17	39
92	67	74
61	51	88
92	60	46
2	27	17
81	74	52
98	95	91
68	55	64
43	34	21
80	53	81
100	58	56
43	47	33
29	27	36
26	7	31
66	64	79
69	96	82
43	22	57
60	61	70
31	40	8
86	58	61
83	80	82
23	48	8
77	67	52
75	67	76
22	6	1
89	95	73
66	93	73
7	77	61
4	13	9
34	38	21
9	47	86
3	48	38
47	36	41
75	93	70
78	59	24
2	27	18
60	93	96
48	41	18
83	80	72
47	10	8
10	36	30
30	37	24
66	64	30
55	99	70
63	72	94
99	57	73
40	39	73
77	2	15
55	66	86
27	70	30
25	36	21
26	17	64
28	95	91
64	91	18
58	79	49
68	62	15
38	33	18
17	8	21
100	91	57
66	82	88
14	80	84
34	40	49
14	17	44
23	31	25
63	31	80
36	94	96
63	53	74
4	50	59
97	76	96
60	86	61
3	65	24
55	69	89
71	39	73
68	51	73
71	22	30
42	53	87
26	16	39
47	37	36
9	19	57
22	82	18
77	99	56
32	11	21
25	16	19
60	35	65
55	8	88
23	78	97
99	65	57
75	98	74
3	51	79
69	93	94
7	72	38
92	62	51
3	17	94
63	74	51
69	89	87
14	36	33
23	9	21
43	26	30
26	43	19
16	21	41
14	29	17
61	88	52
81	67	65
48	49	8
4	14	46
61	62	59
9	16	73
92	70	73
47	21	41
68	64	91
16	39	6
7	22	46
31	34	28
54	95	38
14	34	1
54	78	81
71	99	59
7	29	38
98	67	95
31	35	6
25	2	44
55	53	58
32	53	88
7	83	72
60	58	85
43	14	88
31	40	46
92	55	97
26	27	74
50	34	27
75	74	94
39	91	20
100	16	38
7	60	22
54	66	53
66	80	97
66	39	18
92	60	85
58	72	90
25	49	33
4	14	27
47	36	12
89	28	6
17	44	24
81	58	86
3	22	15
43	60	19
7	59	85
14	10	3
26	33	84
55	93	76
67	48	52
68	19	46
2	48	45
43	6	30
61	95	88
26	34	5
75	81	73
3	38	18
10	15	22
25	99	11
72	79	1
54	66	61
26	13	17
66	16	97
66	19	12
43	50	11
50	70	91
92	77	8
92	50	77
48	70	38
50	34	6
66	98	99
37	48	30
63	92	84
67	65	90
23	80	82
81	62	70
4	50	28
71	43	62
50	3	48
99	95	59
26	92	24
92	81	94
42	36	18
55	95	97
71	43	76
53	67	46
94	84	73
43	80	62
25	58	59
94	57	90
13	35	16
60	29	1
56	79	18
7	43	39
35	27	30
89	97	79
13	17	46
7	19	41
47	69	30
64	62	73
78	27	6
21	12	44
64	91	57
53	96	84
75	59	41
64	97	20
14	12	52
54	76	79
7	16	49
66	86	52
4	19	38
47	9	13
29	27	28
9	27	5
55	66	99
71	59	96
47	86	87
75	74	85
2	69	48
32	11	8
89	61	51
92	100	58
92	49	46
2	33	45
43	98	45
47	28	39
71	98	76
31	8	79
71	88	30
34	49	45
43	36	96
100	97	96
54	78	70
4	91	18
14	40	21
23	28	36
69	89	70
98	57	85
80	84	88
89	59	76
43	14	1
31	50	20
60	49	84
43	13	25
43	26	5
26	25	36
59	5	45
68	75	85
63	66	58
25	34	46
23	98	52
37	13	41
32	22	12
35	32	44
5	12	18
4	37	29
89	82	18
37	94	51
19	36	5
14	42	18
34	8	6
78	74	64
56	11	5
31	88	1
42	38	44
89	97	82
80	74	85
69	72	64
71	100	39
68	76	96
37	11	15
50	10	16
3	17	65
43	9	3
71	81	87
50	91	24
40	59	91
75	60	88
4	25	32
42	38	45
92	53	62
32	35	41
98	96	88
14	17	1
77	67	30
63	89	40
2	98	27
37	83	18
4	77	3
11	21	15
78	77	80
92	100	96
66	69	61
9	29	18
99	59	21
26	42	49
75	5	44
36	41	1
28	21	15
35	36	18
23	72	30
26	16	41
14	32	69
75	55	66
59	41	44
39	21	45
26	35	27
25	66	72
13	35	34
50	36	11
67	52	85
47	17	1
69	64	57
7	47	41
7	6	20
3	48	33
77	62	79
47	34	30
98	61	59
23	37	19
34	33	30
35	19	30
14	35	38
86	48	94
50	28	94
18	95	1
53	65	84
83	81	58
68	8	44
100	56	94
9	74	8
68	98	76
89	19	97
40	3	19
25	16	44
65	95	52
25	34	79
83	69	84
4	34	70
10	98	91
18	29	24
37	5	8
77	95	57
54	78	62
70	94	20
100	90	52
50	16	24
78	15	20
47	14	45
40	38	41
68	86	99
15	84	1
43	67	16
26	47	14
31	10	42
47	46	91
43	67	24
100	96	30
9	8	6
17	8	44
63	98	70
68	65	17
26	11	1
43	44	85
23	25	11
100	78	77
29	95	44
47	13	42
23	43	45
75	32	29
34	49	30
50	99	8
7	15	12
10	36	21
53	51	79
43	37	16
4	17	48
87	95	76
7	63	82
58	89	65
23	86	90
77	98	52
75	61	59
23	37	45
19	41	44
19	97	76
23	4	12
69	22	45
35	96	46
50	65	91
67	58	84
25	28	45
4	15	45
10	19	28
61	93	82
63	80	57
3	33	6
31	34	96
48	56	21
2	64	87
59	57	73
37	5	45
19	21	24
53	72	73
54	80	38
83	66	12
31	2	8
13	35	15
75	99	74
63	60	67
29	17	84
48	49	24
19	94	82
55	53	52
77	89	82
69	72	16
28	17	94
87	97	84
75	28	57
7	10	1
5	21	18
62	94	11
31	40	16
63	78	86
75	53	84
68	83	96
58	95	90
100	89	67
14	66	28
74	44	18
55	70	51
48	95	49
60	28	97
78	60	80
92	59	91
43	25	50
13	17	85
58	70	39
92	80	62
35	34	48
65	76	52
43	40	44
4	39	45
81	99	94
96	82	90
14	35	48
92	53	69
61	99	51
23	9	13
37	75	19
71	75	93
63	34	53
35	40	20
37	15	30
8	38	12
55	66	98
86	87	45
19	44	30
37	98	82
7	56	51
37	86	22
10	3	8
37	29	1
11	15	22
27	19	5
50	56	49
26	12	20
13	3	39
71	89	56
58	91	57
54	62	88
10	2	3
13	50	42
61	65	91
13	79	38
2	44	1
60	56	52
75	80	74
9	14	22
100	80	29
37	95	39
79	90	91
29	51	22
50	35	16
49	84	24
81	93	94
18	98	24
9	15	1
63	100	68
83	74	85
99	17	97
3	40	46
7	20	18
60	66	55
25	36	82
28	56	20
78	65	95
89	56	97
67	16	36
66	74	93
99	97	24
75	72	62
43	75	65
9	64	30
42	83	22
80	61	73
60	74	95
28	17	8
2	21	45
78	53	61
4	34	17
31	48	17
78	66	11
47	4	49
100	66	3
64	59	97
77	62	12
27	46	45
26	37	21
47	55	73
100	78	81
13	19	1
47	87	15
14	87	64
67	16	96
4	60	88
4	16	94
26	33	18
9	75	18
14	5	24
23	2	33
10	53	8
23	43	50
86	87	96
26	37	20
72	64	76
81	61	52
54	8	46
78	97	96
87	6	73
71	96	73
42	5	20
27	5	18
10	50	18
62	52	73
13	34	46
54	59	57
37	4	50
7	86	57
58	5	46
83	81	99
2	67	44
43	54	56
60	88	85
64	88	91
86	12	6
47	60	28
71	92	17
71	75	14
78	83	80
83	96	88
55	89	57
9	17	48
29	16	22
55	51	1
13	53	30
14	10	22
69	11	12
83	66	97
54	66	72
64	59	84
26	16	62
4	3	28
55	60	74
7	13	61
37	64	91
36	5	6
13	11	45
92	86	51
97	88	82
37	38	45
100	81	67
58	87	84
60	79	20
9	33	30
4	68	34
55	93	59
77	72	18
7	17	12
16	48	21
26	66	72
7	40	19
11	46	6
54	77	82
2	19	44
75	58	89
66	97	88
89	72	56
34	8	30
63	94	88
53	61	90
58	61	94
34	40	45
31	21	15
55	3	11
23	50	8
98	64	79
54	29	38
92	51	90
34	3	45
55	51	96
9	3	93
11	33	88
62	87	96
86	62	52
68	66	52
51	5	57
75	42	98
55	72	76
81	89	33
34	76	38
77	65	62
69	70	94
92	89	93
7	75	96
22	52	18
95	79	96
68	80	94
69	74	84
23	3	89
4	25	2
81	40	1
2	39	30
35	16	12
55	83	66
71	86	57
99	70	76
68	55	81
43	17	45
86	48	46
66	2	82
100	79	88
83	86	84
75	78	97
54	62	52
37	39	45
92	100	76
25	99	15
10	17	88
7	16	11
25	13	44
65	11	21
3	61	20
32	66	1
20	2	30
47	50	2
32	29	21
25	13	57
66	99	65
39	57	20
7	3	22
69	3	22
87	56	88
37	28	38
69	58	90
31	13	29
10	8	44
63	86	88
50	35	12
98	57	88
7	10	32
9	55	99
75	83	69
4	66	27
14	38	24
23	65	39
17	97	18
50	93	36
81	59	91
13	81	5
71	98	53
71	79	90
92	88	90
47	31	15
31	53	19
34	64	73
11	8	91
26	25	34
23	63	66
5	46	20
7	47	27
67	61	59
42	99	51
47	5	12
75	80	87
71	76	22
68	79	96
61	74	56
21	12	45
69	29	96
13	56	82
7	9	65
75	80	15
43	3	45
75	32	56
66	51	84
9	33	6
81	94	52
71	72	51
100	81	69
11	44	30
35	10	2
29	40	15
74	65	64
100	90	85
13	3	28
100	94	73
63	74	96
23	69	70
50	32	41
100	80	93
75	40	15
9	13	17
71	66	79
42	72	57
4	79	39
54	98	99
54	11	1
78	3	72
54	100	55
63	81	16
78	87	91
9	33	45
31	35	79
35	32	76
86	38	24
75	67	59
68	66	11
68	53	97
40	36	21
63	66	81
68	78	53
47	34	41
31	72	41
71	66	49
71	4	62
10	34	33
2	5	41
25	2	28
31	35	12
92	97	76
100	50	90
59	70	73
77	69	98
23	54	74
10	83	80
67	64	79
23	38	44
25	39	1
26	3	15
7	28	6
5	49	20
92	34	64
31	3	45
9	42	17
75	55	87
42	17	18
71	78	69
15	44	45
86	72	85
77	61	91
62	56	51
83	58	96
16	33	45
14	35	32
60	90	6
83	95	56
67	52	82
14	15	18
100	16	82
35	19	17
74	62	87
68	14	64
63	86	64
68	60	86
80	87	94
61	36	84
60	93	62
53	57	45
63	95	73
23	53	58
2	40	45
30	4	24
83	51	90
89	96	88
58	65	70
42	39	46
54	92	84
54	99	21
4	3	33
47	74	52
100	65	96
53	62	73
13	29	40
66	96	88
81	98	51
17	11	18
14	15	46
7	4	11
2	5	1
76	96	51
26	14	16
93	19	73
7	41	12
47	32	38
30	53	73
34	41	18
7	9	27
9	34	8
26	9	15
55	59	84
43	13	33
75	76	22
7	37	11
27	19	16
22	6	38
54	100	89
53	93	90
83	5	12
26	86	5
60	81	74
37	47	35
69	87	91
55	12	73
27	16	22
49	57	30
13	27	48
83	66	84
69	62	76
71	39	90
43	26	16
65	59	91
60	59	85
26	25	11
7	68	63
55	51	49
68	60	83
61	84	85
27	48	41
67	72	96
87	36	84
47	8	12
86	99	65
27	93	85
47	14	90
73	3	24
86	95	76
55	93	51
37	2	45
99	56	96
67	5	44
86	59	85
66	95	82
35	41	20
93	52	88
10	3	30
95	96	91
43	25	27
7	47	50
75	80	65
83	79	39
99	64	59
83	98	95
78	89	36
7	22	38
35	32	65
29	70	33
47	27	49
28	21	45
80	61	52
60	55	57
16	22	85
75	86	74
17	22	33
69	49	41
50	48	44
25	12	30
13	31	17
100	42	36
87	41	20
68	27	1
43	39	41
58	6	20
9	2	45
47	25	36
37	11	49
13	50	6
27	19	93
23	34	16
23	11	41
42	29	98
75	72	11
65	82	88
48	21	18
45	29	24
75	40	19
4	5	90
7	14	20
93	15	30
55	83	58
40	97	22
14	36	17
71	74	93
100	64	95
9	56	79
92	99	87
35	19	24
92	16	1
16	15	18
68	64	52
75	67	20
75	80	49
32	35	48
34	38	12
66	69	72
53	82	57
4	38	33
42	3	24
32	87	97
37	5	22
10	27	45
54	64	85
99	41	30
35	65	88
37	35	33
60	77	91
43	13	21
28	5	44
47	11	49
80	61	79
92	83	51
54	22	6
92	58	73
7	50	5
78	93	57
53	62	70
7	31	33
63	100	80
4	14	16
89	76	57
81	87	51
19	6	18
53	89	74
54	15	33
13	8	49
25	36	12
58	70	79
40	3	22
5	15	46
89	61	76
50	28	12
7	10	6
83	93	96
71	66	11
55	62	49
63	61	99
13	95	46
9	63	20
31	39	20
67	58	93
23	21	30
42	49	38
7	16	1
67	41	52
66	69	85
4	19	20
22	44	24
8	21	30
58	93	64
66	97	84
43	87	84
55	76	20
14	3	22
26	10	1
4	17	91
28	87	30
50	39	15
25	50	88
47	29	41
26	21	30
34	44	18
43	35	44
36	95	97
67	97	5
32	56	82
55	53	65
25	19	76
43	32	29
63	31	61
47	77	40
7	34	6
81	59	57
35	87	91
83	52	91
92	89	79
78	84	73
26	53	87
63	55	50
17	82	52
74	82	84
23	16	46
9	64	62
11	51	1
66	56	97
42	94	90
29	64	52
58	48	39
37	34	61
4	48	5
25	32	8
60	72	85
60	81	56
74	49	12
42	6	1
10	89	1
55	99	73
80	82	90
37	17	39
7	19	1
26	20	45
68	78	46
45	90	18
66	87	18
19	11	30
27	49	1
26	14	96
69	72	48
55	80	64
37	13	29
60	58	84
100	53	58
20	39	30
27	39	82
71	2	85
54	98	62
59	94	76
58	61	97
69	17	46
60	86	73
4	46	20
64	62	52
27	28	46
60	93	79
71	81	28
40	94	33
14	27	39
60	99	73
89	99	58
99	57	46
83	72	93
7	28	18
58	94	82
68	84	85
34	98	81
31	35	38
75	66	97
4	53	40
35	38	15
40	28	20
47	38	24
66	52	30
13	32	41
27	44	18
94	76	57
63	69	28
89	61	59
100	93	57
63	53	90
63	37	91
2	17	88
53	64	85
7	48	6
64	97	11
99	70	82
35	2	17
67	96	91
29	91	20
10	48	22
77	76	90
68	39	90
60	90	45
80	58	90
83	72	91
98	95	96
78	61	84
98	80	70
100	93	82
7	32	44
78	80	59
86	72	84
100	65	79
81	69	79
86	99	62
63	66	69
16	48	15
72	64	59
7	11	82
78	36	44
61	76	52
71	93	88
14	19	38
31	3	38
42	27	70
40	39	57
43	17	24
20	42	24
77	58	84
7	17	49
26	39	1
71	60	77
37	53	74
14	58	64
98	74	84
43	32	8
66	81	56
32	49	46
14	12	30
23	6	18
83	87	51
66	93	1
66	48	6
42	16	11
31	29	12
35	16	22
64	11	5
86	89	17
71	74	91
42	15	24
31	65	49
74	5	39
35	59	21
34	46	45
9	2	89
62	96	57
30	31	18
78	92	83
55	67	52
43	50	32
26	27	12
40	8	22
89	65	59
99	87	59
99	65	82
71	61	64
75	98	88
4	10	45
3	49	44
43	14	6
98	87	79
13	14	1
37	17	38
83	74	90
35	95	52
3	19	97
37	28	8
93	17	84
31	89	45
47	36	91
5	15	84
96	52	85
58	64	76
42	28	1
64	90	85
31	50	44
99	87	73
36	39	33
58	74	67
92	100	59
98	89	87
77	46	18
16	36	46
75	25	93
18	14	24
86	65	85
54	88	85
28	8	21
25	42	6
13	58	5
28	51	6
92	36	21
49	12	45
23	13	50
66	72	90
10	81	11
47	100	98
43	38	18
25	35	85
25	83	70
40	33	18
38	6	24
32	42	17
47	2	3
60	83	22
8	51	12
51	90	46
55	79	85
81	76	20
14	35	25
53	99	90
43	11	45
87	59	52
100	67	44
75	40	88
47	97	21
64	94	11
23	3	48
9	49	51
94	52	84
45	47	1
37	92	15
23	38	6
43	11	12
60	72	5
43	77	70
53	61	95
78	76	88
55	76	88
23	47	71
54	58	64
30	44	46
11	49	5
58	3	96
25	3	28
66	98	65
37	31	38
24	88	82
50	34	94
71	98	8
47	3	49
100	52	73
92	66	67
50	28	41
47	37	24
63	69	74
26	10	24
35	29	33
55	65	79
27	38	44
34	29	18
67	72	21
81	98	61
25	27	24
42	8	45
14	50	17
48	15	33
68	100	65
4	12	18
43	27	49
60	87	95
4	77	81
35	8	33
26	14	30
78	98	70
14	40	27
4	32	18
78	55	74
8	41	24
23	40	5
100	72	79
50	39	24
50	42	46
26	38	39
4	5	33
42	36	48
66	51	49
34	93	22
83	74	96
5	39	45
75	66	81
13	35	46
60	69	79
10	95	44
27	16	24
50	10	1
48	49	38
75	60	76
63	58	57
68	50	1
3	48	12
2	48	8
37	34	38
41	6	45
31	58	93
100	94	51
40	8	20
92	64	85
35	33	45
63	19	18
23	42	19
14	42	89
26	6	1
21	46	44
36	38	22
42	53	52
92	87	70
83	72	18
78	80	72
2	36	11
68	76	51
71	100	53
83	89	64
13	16	12
83	94	46
71	9	96
68	16	94
42	29	91
99	57	85
68	95	91
23	3	8
13	10	24
23	9	19
14	8	49
32	21	38
31	42	36
56	51	52
94	96	90
86	99	88
3	27	73
75	83	72
65	52	85
67	61	52
54	94	96
81	95	84
98	88	52
75	60	87
25	83	39
26	31	2
43	47	30
7	9	49
54	81	96
98	58	56
89	40	93
47	3	97
93	51	18
26	6	46
69	97	76
47	8	46
74	22	44
23	27	17
54	55	94
43	67	44
11	5	38
92	83	8
50	19	39
37	94	79
93	96	90
77	80	95
100	98	90
42	39	6
4	42	2
98	93	59
13	5	12
100	89	11
9	3	33
32	11	18
100	59	70
25	16	95
54	92	76
68	60	64
32	29	5
61	87	62
74	62	65
98	65	73
8	44	20
10	48	11
32	11	44
9	40	36
11	8	41
26	7	58
75	70	90
31	49	12
62	64	82
92	77	93
74	87	39
7	80	96
45	34	30
66	87	73
56	82	1
80	87	95
68	89	99
58	48	5
95	97	57
66	76	21
30	15	1
26	40	41
4	11	46
48	12	24
98	95	97
7	9	23
68	95	73
13	40	46
25	99	85
4	13	21
26	9	45
35	28	24
2	5	90
93	94	96
4	42	3
27	39	18
26	3	28
55	81	53
75	80	85
94	57	88
100	92	97
81	90	73
26	25	21
9	34	45
69	72	85
78	99	62
55	87	5
99	87	11
89	87	84
54	87	36
37	28	15
34	53	79
32	98	38
63	14	16
74	99	56
42	72	51
71	13	58
32	48	18
10	41	18
67	99	72
60	77	85
35	46	6
93	87	48
83	72	85
54	84	82
60	67	70
96	90	84
73	48	18
43	14	27
4	21	33
78	81	52
26	4	19
25	10	27
99	70	30
40	12	1
75	98	97
43	10	33
54	87	94
1	99	30
60	72	84
7	83	38
13	89	18
2	36	22
43	34	96
26	97	15
34	3	39
77	89	93
58	89	96
60	59	41
47	19	18
81	96	20
43	29	3
66	58	95
92	64	51
23	19	8
42	29	15
14	12	46
75	99	94
7	42	41
80	40	70
68	92	72
66	96	52
86	51	90
64	70	85
34	49	44
3	27	24
48	33	30
81	93	97
4	27	22
74	93	90
75	90	82
69	59	97
75	79	52
35	5	21
68	89	74
27	41	20
66	56	94
31	21	6
9	16	51
1	26	30
14	19	46
66	17	5
37	97	79
89	72	88
32	39	20
42	99	11
61	62	76
53	61	65
37	3	44
54	9	69
23	40	91
89	67	72
80	21	1
86	58	59
58	56	73
23	43	19
11	49	22
53	98	59
9	95	46
83	62	88
92	27	44
31	25	46
46	44	1
9	49	38
81	62	52
83	93	8
4	35	48
35	29	40
7	37	30
71	9	79
31	29	20
29	94	84
9	61	33
31	59	12
26	25	18
32	41	6
19	16	12
63	66	53
68	69	84
80	97	52
7	50	17
57	52	90
55	42	64
26	32	18
9	15	38
23	37	85
43	36	39
27	33	18
100	96	85
78	100	59
71	81	99
77	59	88
76	51	20
20	16	24
47	50	34
43	32	38
98	81	82
100	98	59
1	33	6
69	74	70
35	5	20
98	89	99
7	4	5
42	89	93
54	13	28
24	34	20
68	80	84
54	98	48
72	95	91
68	72	95
4	50	49
9	44	20
70	97	73
4	66	79
83	58	59
74	96	82
64	79	73
29	44	1
58	93	85
31	32	49
2	93	38
63	3	33
98	94	82
23	47	46
64	79	96
69	89	72
32	22	45
19	46	45
26	34	40
23	36	45
5	38	44
98	58	81
75	65	90
4	98	62
13	32	46
68	65	76
4	25	45
69	95	51
68	72	87
71	98	57
28	11	15
77	70	52
75	77	98
26	9	14
24	91	84
55	77	97
7	60	17
20	14	18
7	28	20
4	11	8
100	59	88
15	44	46
47	32	24
83	61	87
72	93	90
17	46	33
54	69	95
86	79	96
45	46	6
60	99	65
92	69	97
47	31	49
9	68	45
10	40	18
50	29	44
92	64	88
62	56	91
54	92	99
72	8	6
17	5	33
50	27	8
78	76	38
68	3	21
43	14	12
81	72	38
60	66	99
54	83	1
50	32	30
78	14	64
54	10	5
80	70	6
2	5	6
25	49	15
69	58	52
78	80	39
31	75	5
50	29	20
9	31	66
39	22	38
71	33	24
92	74	59
19	56	57
41	6	1
53	93	52
63	86	90
50	42	51
10	50	46
68	78	83
3	27	28
16	87	91
68	64	20
77	15	33
50	60	44
92	11	21
78	83	59
59	97	84
77	49	20
83	82	20
37	3	76
62	94	91
17	21	38
43	6	18
75	61	1
13	98	8
71	55	15
74	65	94
34	17	33
35	2	27
66	65	79
16	36	49
1	47	30
31	32	28
100	76	88
10	55	3
35	56	52
71	60	64
71	87	73
74	65	8
69	36	17
4	98	82
71	25	21
25	8	1
87	84	91
55	95	73
9	79	30
32	66	62
86	62	8
10	99	90
63	10	96
42	81	67
37	50	90
27	93	36
66	97	70
32	83	53
55	91	73
81	56	91
29	44	33
60	59	84
100	86	59
9	34	2
4	40	5
77	93	64
47	27	44
92	67	56
4	13	38
54	68	65
7	32	64
28	12	20
80	89	82
9	10	28
26	29	48
92	82	85
43	17	41
55	83	51
80	95	82
55	81	93
23	29	28
43	37	4
55	65	94
9	8	38
53	89	80
4	38	84
23	81	28
61	82	88
63	67	97
100	32	83
58	59	84
25	28	17
71	28	18
35	86	21
67	90	88
54	4	61
71	91	85
50	42	20
75	98	64
55	91	57
27	38	6
63	36	82
40	27	3
31	16	5
75	86	52
100	94	52
95	70	41
83	99	52
32	40	30
25	22	24
47	22	24
26	10	8
29	67	72
26	63	55
25	15	30
65	88	85
31	69	17
89	99	96
45	61	73
92	87	96
83	93	97
54	57	91
100	75	98
71	63	65
37	36	18
55	94	57
2	46	30
66	27	64
66	93	18
71	67	73
74	96	41
29	27	38
35	33	6
53	86	93
59	90	57
50	38	41
23	13	15
63	89	59
63	65	59
75	72	70
37	50	94
51	84	1
75	98	52
77	81	94
26	11	22
15	41	20
99	76	96
9	55	80
43	100	84
63	57	84
93	76	88
25	31	2
78	91	73
64	5	12
23	13	5
71	38	21
60	76	1
66	64	96
99	65	52
32	17	22
81	87	64
86	58	88
31	69	16
23	55	53
25	12	82
27	5	39
25	48	17
50	42	89
31	2	41
99	97	51
60	98	58
100	27	70
29	40	6
48	11	41
60	8	24
43	22	44
43	13	18
4	59	52
5	15	30
47	3	87
37	47	46
13	50	48
72	95	88
54	92	83
99	74	73
35	19	38
60	67	99
56	33	18
42	27	39
58	62	70
63	93	59
17	8	15
26	41	84
100	86	17
93	59	52
37	2	6
71	99	94
37	32	2
53	65	70
61	97	41
31	38	46
74	94	51
58	6	30
74	65	76
23	8	41
42	89	51
30	34	24
54	81	82
86	8	33
42	27	16
42	48	8
10	80	59
23	11	6
53	87	56
63	58	59
25	15	46
7	69	56
13	98	30
49	46	30
68	56	85
63	57	88
83	70	12
85	17	20
81	58	99
7	31	95
7	25	31
71	77	79
78	42	36
58	88	82
42	79	12
7	42	18
5	22	24
42	29	52
86	61	84
7	71	25
26	42	21
27	39	44
20	14	30
9	39	33
66	56	76
14	10	30
23	10	83
25	51	21
37	32	72
75	69	70
32	2	51
61	97	84
92	32	8
32	42	45
34	3	30
63	84	45
47	15	1
50	98	15
2	46	85
81	89	52
60	52	91
75	87	94
95	97	96
42	6	45
71	68	80
31	64	41
9	17	44
13	80	49
66	62	51
92	55	88
9	87	44
58	84	90
50	17	1
35	16	6
10	2	8
55	51	21
47	77	73
87	96	90
60	69	84
40	3	15
100	2	6
26	10	17
26	50	49
42	48	17
63	58	96
29	36	1
26	42	20
35	49	12
98	96	57
71	66	56
11	49	51
86	94	73
43	9	10
67	89	84
68	70	91
60	86	58
61	64	85
81	67	24
14	16	24
60	67	51
95	96	30
71	23	58
100	87	70
35	59	76
67	90	84
69	95	79
9	42	12
63	56	51
34	28	20
71	55	94
7	3	24
60	72	52
26	31	73
8	6	82
13	32	25
92	10	21
71	83	81
31	69	73
34	81	69
10	29	22
34	38	33
26	29	36
47	4	38
37	56	12
62	59	85
35	34	36
4	10	84
83	98	70
16	65	97
50	29	18
22	6	18
43	13	11
9	17	24
7	67	88
100	77	2
50	27	33
66	61	64
100	55	59
100	53	84
32	16	12
89	67	62
47	58	88
77	53	82
54	27	95
13	98	64
89	40	84
3	87	46
31	32	50
43	15	73
4	28	20
50	11	88
66	69	3
10	48	8
54	92	4
59	56	52
92	93	51
7	80	74
54	56	79
83	67	85
31	32	21
2	3	21
71	99	79
54	35	77
9	80	65
54	88	73
92	56	84
2	11	44
63	92	94
9	36	12
67	46	1
66	99	52
69	36	59
31	8	22
74	93	87
39	21	30
35	42	19
17	84	1
75	69	81
11	5	30
72	27	73
53	95	51
17	22	41
26	29	11
55	41	52
25	40	24
7	61	76
53	81	57
23	47	9
37	40	18
48	8	5
86	72	87
31	53	96
47	35	6
4	62	5
59	51	88
54	67	87
16	17	12
53	58	84
63	86	57
55	70	79
7	60	15
92	32	24
14	27	24
75	79	91
31	34	44
9	66	88
23	14	18
26	47	13
36	94	44
9	3	28
23	14	28
25	50	64
71	53	95
7	38	46
80	74	8
92	94	79
26	23	31
14	95	5
40	67	41
68	34	88
32	48	38
95	70	79
92	66	87
73	17	24
35	22	30
13	59	52
43	11	8
10	34	15
92	98	96
89	93	87
68	66	87
71	58	91
67	89	91
81	59	46
9	15	18
3	40	38
19	22	46
4	32	17
71	66	86
26	98	99
23	31	5
35	36	11
9	27	30
83	86	89
4	54	49
86	36	57
75	72	87
63	69	65
32	11	6
78	94	88
50	48	96
41	21	20
78	29	90
31	11	45
83	64	73
37	78	17
49	6	45
23	9	41
7	10	2
68	51	57
92	57	85
14	35	11
69	65	97
42	72	73
4	98	6
42	2	64
34	2	44
68	89	85
36	12	44
75	61	51
30	2	18
25	2	39
7	3	48
77	98	67
25	81	72
50	42	33
63	86	52
78	67	99
7	22	6
83	86	74
31	34	41
86	74	85
37	3	17
98	99	97
7	35	22
75	10	76
10	17	1
49	44	30
16	8	15
78	52	84
35	17	33
78	86	82
50	77	49
16	44	24
80	61	85
78	58	84
42	29	5
60	51	88
7	22	73
37	74	8
27	36	46
23	3	19
64	59	21
40	17	44
92	79	15
54	75	73
75	11	30
83	72	70
86	95	97
89	57	52
53	59	95
10	56	49
61	76	73
17	5	45
55	61	84
14	75	6
7	32	52
32	34	33
25	32	10
71	4	80
10	34	32
100	72	97
83	94	5
4	83	93
10	28	82
43	25	32
89	58	62
27	12	1
80	72	57
98	61	12
54	58	76
32	79	1
81	28	20
72	90	88
26	28	6
75	74	95
77	66	99
10	96	12
54	52	82
34	80	57
71	79	84
77	81	98
4	39	33
89	62	64
42	19	24
53	86	72
68	64	70
55	87	76
37	16	6
43	71	39
14	22	6
23	10	38
47	35	39
51	96	88
87	94	79
58	70	90
85	69	73
80	99	94
29	40	18
48	17	33
35	32	55
4	29	38
43	100	16
13	72	79
26	13	34
17	21	20
43	68	32
13	98	53
93	90	84
47	4	21
100	86	89
54	53	91
14	16	30
80	67	96
100	13	62
2	48	38
100	97	79
34	66	16
2	12	30
78	93	59
100	98	57
43	14	38
83	58	27
9	64	39
4	31	35
35	22	12
23	37	40
55	77	53
68	89	93
23	37	30
63	98	67
58	74	52
37	33	24
69	67	61
23	15	6
71	10	85
3	48	90
23	78	16
95	94	96
77	58	56
9	77	67
31	58	97
65	41	52
68	35	67
9	19	44
54	72	39
92	55	99
50	29	27
7	33	24
92	81	90
78	95	84
32	2	1
42	22	85
68	64	97
68	69	73
40	95	11
71	66	28
63	100	90
54	32	65
78	72	88
48	15	12
14	5	1
66	99	74
83	93	51
72	64	70
64	51	90
92	51	6
81	97	84
100	66	59
32	35	22
71	77	84
72	87	76
80	87	56
43	25	24
4	32	36
26	21	33
7	31	13
32	29	46
98	62	65
61	93	79
55	27	28
34	48	30
7	42	39
68	79	84
47	10	42
55	27	44
26	14	55
62	95	36
34	81	15
15	46	85
14	42	46
51	79	91
63	81	72
77	64	88
17	49	20
31	10	1
43	42	22
37	2	12
9	91	20
61	94	51
83	90	52
54	3	61
23	50	30
83	86	97
89	97	85
19	41	38
100	95	88
68	14	95
71	74	36
71	60	76
23	64	90
78	96	52
9	31	49
34	48	82
66	53	82
53	95	96
32	80	82
47	16	6
69	70	52
75	93	97
75	74	91
17	8	24
16	15	44
23	19	22
75	40	6
85	57	73
9	66	18
64	95	91
42	19	62
4	14	92
53	58	90
100	81	52
23	71	6
8	39	21
4	87	20
92	87	91
86	79	85
89	90	46
73	13	45
4	42	44
7	9	19
7	79	12
40	16	12
23	31	40
19	11	5
67	11	51
72	16	57
55	64	79
35	15	1
3	36	49
50	5	46
70	88	82
58	38	44
71	5	57
71	4	90
60	93	90
29	49	41
13	34	70
71	27	15
63	83	96
28	12	52
24	44	1
35	10	19
32	16	11
100	98	70
9	25	38
65	95	70
10	87	45
7	15	46
53	95	44
83	74	52
23	4	92
83	94	97
32	41	15
98	93	57
74	59	84
3	8	22
65	51	52
75	56	85
53	97	91
43	29	11
80	62	51
35	27	16
77	69	95
28	19	11
16	5	46
23	14	40
4	10	42
68	78	81
67	74	64
4	10	18
9	83	18
78	95	88
98	59	49
18	36	24
7	4	39
25	50	42
40	41	45
63	28	1
63	13	24
98	79	91
72	93	24
47	27	96
86	56	90
31	60	73
60	53	95
26	35	5
71	88	73
9	6	44
83	69	90
71	78	61
43	31	11
4	14	49
78	77	51
37	34	27
75	77	95
26	17	85
28	21	24
53	74	99
98	72	16
7	19	5
78	32	28
7	25	32
25	44	88
77	99	57
9	98	40
35	11	20
3	27	16
100	91	82
60	77	51
83	38	45
93	97	76
4	2	16
100	81	62
63	79	57
53	72	93
89	99	38
54	69	11
47	66	48
23	92	21
55	83	87
47	9	33
9	14	42
61	96	52
73	15	1
37	31	17
4	34	19
54	63	57
93	12	45
81	93	73
14	50	20
53	61	87
66	86	58
78	61	74
50	83	29
50	58	33
3	36	20
86	89	62
37	80	41
7	77	76
69	79	38
55	60	67
70	5	24
54	76	57
71	75	60
13	35	6
54	81	67
40	58	18
62	88	90
25	10	45
50	28	79
13	35	33
23	39	20
23	7	38
35	29	8
86	52	82
68	92	70
74	95	52
92	98	39
2	22	20
98	81	93
7	53	41
35	29	20
32	41	30
37	46	30
78	88	73
14	98	45
10	79	90
71	13	82
43	86	45
54	80	2
98	62	8
7	39	33
14	50	75
4	3	5
4	59	70
26	43	37
23	14	24
53	67	96
50	49	8
55	49	5
72	97	96
20	12	45
25	42	48
50	16	38
78	83	65
13	21	91
23	58	73
100	77	56
18	24	1
68	53	46
78	74	72
54	83	65
43	11	73
25	79	88
50	65	96
40	41	18
78	19	41
37	86	41
92	97	33
14	6	20
23	43	29
66	94	90
50	77	45
71	53	39
63	87	52
89	93	70
66	56	82
31	44	20
14	72	73
37	22	30
19	21	20
56	94	24
62	15	24
75	13	79
53	65	85
80	62	52
9	13	39
35	41	90
60	72	59
54	60	22
7	34	24
100	89	95
7	37	39
4	11	44
68	88	46
55	99	88
16	17	15
26	63	41
60	87	76
3	87	21
74	51	84
17	6	12
43	27	24
19	41	20
48	49	21
99	94	82
69	61	96
14	50	12
32	42	12
58	65	52
58	74	8
3	87	57
34	16	93
25	38	22
29	2	73
47	98	97
30	56	45
48	49	18
39	44	33
37	6	18
23	68	32
75	82	57
83	69	74
92	51	49
63	55	67
34	15	18
60	53	76
61	64	73
78	80	61
31	50	22
48	87	12
75	100	59
23	49	38
100	86	73
11	79	73
4	48	45
41	44	24
99	59	85
53	51	90
29	28	30
69	87	59
22	90	24
71	64	82
3	16	15
66	81	52
63	93	85
7	73	30
41	57	1
64	87	84
77	27	45
34	16	33
86	16	17
95	96	24
42	58	70
3	74	44
37	32	1
32	10	16
92	60	91
71	100	97
92	61	44
37	36	48
10	2	17
81	62	88
67	94	88
70	84	82
9	13	22
63	47	87
69	96	45
81	67	51
36	38	12
75	100	61
37	2	8
58	65	59
36	64	21
37	42	41
68	69	93
78	74	48
68	81	91
35	40	18
73	72	85
69	64	76
92	51	96
89	87	51
68	67	87
77	52	85
48	49	12
49	12	18
4	3	12
71	61	52
60	83	52
66	83	65
26	77	33
34	95	46
68	83	93
4	27	6
43	4	35
10	48	12
37	27	49
25	83	24
14	36	62
14	6	88
78	92	88
7	22	12
98	72	87
55	56	44
54	70	82
43	19	49
58	12	85
54	61	38
83	57	33
13	35	81
14	34	18
53	62	15
68	2	73
26	47	15
66	86	85
48	11	45
25	29	27
54	87	97
17	49	30
100	88	73
54	99	90
7	80	97
83	67	40
25	11	82
75	86	49
32	6	20
68	99	39
47	32	91
53	65	88
78	55	18
32	66	48
49	15	46
74	97	49
80	39	73
72	95	76
80	81	76
37	34	66
32	27	28
13	46	45
13	2	3
66	98	74
13	94	41
98	93	84
43	31	17
55	93	82
60	74	61
31	15	12
76	88	6
14	11	33
78	70	73
36	39	20
63	83	86
83	74	93
43	37	39
58	67	57
83	89	79
63	76	51
86	59	95
28	8	1
58	96	85
68	64	59
86	97	33
10	15	30
55	64	91
61	59	57
55	35	86
47	19	38
9	13	73
37	9	21
42	3	45
23	29	24
100	29	44
43	28	17
75	96	52
37	36	41
9	40	3
41	6	57
34	93	38
54	62	76
43	4	20
87	70	84
31	10	33
54	80	59
69	72	97
3	89	46
40	89	21
69	64	82
35	28	12
98	99	72
23	42	15
55	58	96
71	83	56
37	13	4
54	99	73
37	29	38
55	99	87
58	89	74
56	70	95
71	67	91
43	50	20
14	25	22
35	2	45
81	89	65
79	90	73
71	100	79
50	16	6
75	60	93
2	67	22
92	99	19
24	42	30
82	52	90
23	49	6
77	96	82
98	67	85
60	65	56
31	41	1
20	14	24
9	37	3
80	87	51
10	32	46
28	36	82
7	76	85
68	83	41
92	72	52
77	98	89
70	44	45
81	89	20
23	22	1
16	56	38
13	8	1
54	65	15
68	65	70
25	50	40
75	86	67
66	11	6
42	53	70
54	81	64
69	61	21
37	14	20
29	33	1
78	16	87
40	48	49
47	25	8
4	42	20
43	39	46
47	36	70
68	78	86
86	98	65
86	69	79
42	40	15
35	27	46
50	3	1
47	29	88
79	96	22
20	10	18
71	61	51
55	74	91
10	40	21
16	8	41
31	14	3
4	9	3
69	57	85
11	39	38
42	38	30
43	31	46
89	3	76
43	53	1
55	59	51
35	5	33
37	19	39
31	29	38
69	81	90
63	76	85
54	75	61
50	12	73
63	10	6
9	49	30
47	3	22
14	92	17
3	8	6
53	58	99
7	34	85
71	69	51
55	65	88
71	68	59
77	67	96
55	56	94
54	51	38
25	21	38
23	31	32
23	31	38
72	62	95
63	19	39
37	92	50
9	48	56
100	65	82
53	67	62
51	82	6
87	90	73
98	69	64
66	29	21
60	69	76
83	94	22
60	74	51
9	16	30
40	41	6
66	53	56
37	86	15
43	77	82
25	3	41
14	13	29
26	25	10
2	86	46
100	67	84
81	2	52
70	51	97
40	33	20
37	79	82
28	12	33
68	66	86
27	36	20
80	98	39
47	29	45
31	2	22
92	62	97
7	29	3
85	91	88
69	36	79
34	79	45
54	82	1
94	41	52
92	81	85
59	97	96
92	81	74
26	32	6
34	99	57
66	64	82
71	69	29
9	31	100
67	99	59
58	89	87
60	65	90
68	16	84
93	8	46
2	39	33
81	70	94
66	61	85
10	41	1
77	96	90
71	56	59
55	94	79
14	40	41
26	50	41
100	79	90
42	76	90
26	11	21
48	91	30
7	26	4
60	80	82
50	12	88
63	31	22
28	33	1
9	40	8
9	42	5
3	27	17
77	72	62
54	89	72
3	76	18
14	6	33
80	5	6
68	97	41
71	54	63
35	15	6
71	74	65
67	91	30
43	30	20
61	97	85
58	72	62
99	87	95
78	81	51
62	15	6
65	94	33
43	4	7
42	58	82
78	72	70
3	5	22
25	34	56
