177167
746515
763578
2231862
284197
225322
556044
1320426
603236
1085572
832164
312986
1487072
404448
1143597
926997
855907
859339
2185592
471165
122050
1602934
950935
1386590
1394673
1299120
478792
1119267
2125059
988457
1681597
806788
1543584
434104
319723
2174347
631691
937316
1767645
878320
452471
567329
2042185
2229244
1378528
519990
651687
598239
638975
1559978
843257
1959362
473725
1956089
1755996
787379
1662000
188083
794798
1284815
357355
597511
1383093
1716244
1339292
1882273
1747232
899111
77891
771568
1720832
253908
343093
1671667
390841
1560544
1735434
26063
1174142
1110559
1997267
1057845
1249211
896031
959249
457626
1015632
2254149
1389528
1908529
1925427
1065652
1146110
1418748
1099752
922524
2267359
339084
637833
156154
1972033
92739
486422
1899111
481808
1193663
684200
666765
2147441
627532
1257229
913385
76127
369905
398109
2201256
1014679
340638
1504963
854038
456409
1416714
2066315
340085
1684470
623613
1960994
1506337
1371932
1074383
422027
1353962
1531463
594770
755264
771466
37998
24781
910933
488300
257889
405051
510942
1835562
2092697
1825776
800878
706641
1584176
1693860
1002388
872768
938997
2168886
473031
800718
2228757
1949582
1465070
70627
767323
597372
2264994
1359343
1265427
1496448
906677
1162882
1638614
1475489
745894
1378390
169603
854565
1232227
1142722
658027
237109
256683
1750433
762478
26944
1220674
1968354
1410071
1072940
111356
1376191
1354582
256588
427770
217308
1655828
948869
274939
204181
1312891
89365
45641
865099
2103968
1358114
1336775
1383096
266343
1265627
1950521
1327107
1173093
484346
947535
2184356
2099837
2027362
2031804
2210530
327629
9466
123116
325083
2092601
306299
698642
1337460
1412061
816891
1986437
569382
2158656
1119568
483466
2230879
1364873
2004385
2149076
1414900
2052863
739628
1708839
472674
1503076
259869
74664
993653
857143
390142
155331
2159416
1788347
2173309
2227836
1919385
2178276
499886
1405832
419521
414406
606086
1876192
2184123
766974
2090455
135559
1166190
1832461
1205458
2126012
2153500
1714223
1160290
1437904
1476165
908698
2000936
1766164
1513826
1049819
1422486
1852365
1033298
16757
196020
1649921
1257018
754233
1859359
159514
913251
1062840
3666
1236070
1849209
108418
1814537
1326950
872658
1472009
1751792
1715917
1988837
43205
1373641
1939734
694785
341103
1303747
66685
1189282
1159572
851911
1706625
1904605
506972
701069
1181717
877417
957217
1015217
128118
1193897
983715
521784
967126
838197
1447655
1900263
2198849
1758983
1470252
1480886
1049730
477356
466090
366663
1413985
517524
432481
978079
877513
2026314
2121917
309621
1571307
656088
326608
309372
192747
1505069
1107851
670135
2076345
695350
1912282
1412199
416857
71043
1580708
118864
2064669
2030379
1465931
969124
638157
200141
1328978
1443967
1006322
1151406
659703
301276
2107845
2048133
492236
1849373
166579
1814940
178576
1214785
363686
170100
1921384
1225323
118213
1420939
1475510
16277
1554876
847681
1278222
1408133
2109397
789842
98059
1986178
1353938
1792410
2176754
370667
269472
2080803
1157667
1096090
1781797
212965
1373785
1847737
1974634
992354
1744133
1982740
42311
808483
528852
2070762
938976
1327760
1943941
1119724
1011660
1345377
2222945
1330387
832920
135402
951927
135753
948901
2036272
241445
2179900
2028144
352303
1183749
1223842
1256536
2196481
19622
1758515
1880665
2008503
1132722
1783574
2205236
2092225
590455
398560
1414841
33889
1721629
362461
879115
1772994
918455
290097
1108002
1738820
675326
1469524
2120544
2194384
1082437
2051974
338099
770805
1287618
1416453
1660673
1094551
249336
894985
314703
7251
1652728
1171308
740364
1775743
6256
2098411
1811773
575451
1453529
1690472
1795164
1438467
626277
1436428
1356487
1119096
174795
341587
2179592
1997328
2137796
1938972
2054668
2015371
2010587
2051165
1249134
1338134
