59794
66323
109832
110421
130947
148456
166149
198975
238921
239857
287611
293169
333825
345603
347215
364106
395056
423468
450222
518045
587574
642207
653781
676063
711852
746630
766053
781241
819002
823203
871353
884395
885021
893186
895369
926747
929953
956110
982241
991098
997914
1039835
1076504
1117395
1122984
1128698
1133974
1135186
1287199
1306154
1360866
1387858
1416261
1430637
1445759
1524938
1547380
1548485
1553458
1574573
1598550
1625291
1634285
1636701
1673652
1679270
1680049
1687796
1692985
1711569
1745713
1770748
1811311
1852579
1929128
1954967
1968092
1977595
2038123
2074525
2105845
2168199
2179516
2234895
2250157
