1770690
1213362
402745
1494805
1610753
771971
2193161
184689
1975537
1053991
1755832
209095
1111782
716370
728766
712804
1833549
968694
1677456
221373
1887294
1970592
1519756
1271336
1162962
2252526
1278745
2227760
1164123
542666
602522
2025385
34409
1930169
309852
1633617
1506143
2001902
523030
470677
2142721
633545
284223
1577602
61191
1857611
676690
1668939
622223
1574491
1875584
1015019
1810257
447034
1309427
348143
363830
249158
839545
594018
478834
1090636
194537
258709
2096375
1035427
109531
570415
2094348
100945
2069571
357711
583862
980452
553003
275212
277299
163732
1243181
1688082
1425540
1248188
1352352
541434
2205181
1198429
66379
433780
16562
2135478
294342
1833425
1981083
303874
572125
334550
1769577
2237597
247579
1290162
1646776
728281
17148
1345790
236436
1359574
910144
402732
1636757
2096001
1070997
74952
1490614
1929115
293582
1565183
2029329
1393329
882779
928236
523060
1670443
867716
1829924
880908
1955963
408531
194600
1766898
248527
45838
2025772
1173943
1169989
1041283
1521341
1231582
910501
1098931
2181328
627530
1762637
352579
740476
2104027
507147
1040623
736552
578823
2010059
1163647
303947
1314621
1855274
429872
1561265
1408123
2194413
1477827
1881054
501822
1362561
234378
1836459
1478692
1379962
1875073
794088
2057252
1311272
1284612
1203426
1810348
1508096
8416
1036181
35652
894209
1657801
800502
4832
686606
53548
1183529
1931849
873365
1573095
1440287
1323466
161679
950433
1434636
997464
2243641
283239
2112379
96797
282013
271142
1935333
1906757
933288
687308
402965
706162
2264431
1545875
1945312
613061
720959
775725
441469
1900163
601649
725379
258712
2225343
1952180
894390
1509140
2018119
1114930
2228626
1344185
508918
382645
1678930
1271409
1949139
1261940
987116
500410
51333
1798193
826428
1276061
17546
1718630
1705061
1754639
927703
127632
838387
2109154
1920884
399592
34940
191138
753611
578080
2031681
1403618
474782
746173
632230
1883215
2169210
1052660
1051034
933282
1075281
395227
1328699
1174697
963538
692344
1940101
1559663
2235032
1775413
1961751
448047
1938556
549356
2042170
1451810
1611563
1382197
1823553
525120
927694
25140
1531427
1412047
115445
1795449
1533103
1819090
625022
1517989
903463
227462
1251177
1628815
1198673
1458309
1750962
417031
1813414
815062
1073693
297446
1848810
1407525
1343219
883437
112799
505762
461760
1132748
2043140
2200361
788828
1928159
407378
347745
294973
597705
820254
2115347
165254
1844979
1173956
602926
763211
836308
2267860
101866
1170107
708652
550793
544819
1000136
1421675
1793248
2048155
2026611
1450512
500440
632834
2231545
1035950
2248079
1204518
946121
497705
1835388
687735
1040158
399475
2206681
1309845
1102988
1863235
1052952
1645553
634879
1468219
1262710
185164
538911
194855
2187082
1628960
310169
1916754
1548601
1454916
1012659
2211845
1030677
346537
1790232
1844529
2108707
1706283
1490871
27126
2160849
870540
117896
14271
595724
95331
893967
83443
790555
724386
2064122
1350351
1247085
1213171
2019302
744871
401191
266942
181693
924436
1794625
280085
778136
36047
166295
359086
953352
4340
943315
529605
469289
1683570
2179001
1803046
1175462
740203
1590138
978041
594882
301632
348761
930162
1021919
1325987
220178
691888
1308842
1348723
873830
431107
1738910
2056275
1826569
973340
1163356
1674669
1334666
1290859
386544
990446
700657
1909520
902295
373540
837525
566796
682843
13751
476736
1527324
1091967
1055418
1699654
661701
1208373
820903
342587
2083711
285829
1351594
313468
1897771
534025
2138995
381560
2159495
2229605
1894778
1037006
1724031
1964880
957382
1484168
1200528
1593488
1638026
1530625
1110691
430275
1570792
1770621
1241314
751528
962073
527185
1626982
2068945
689258
377083
448523
619978
2192115
204675
928142
618167
1406644
1821106
861934
2116143
760350
1959597
729098
