5287
16140
53728
57273
61854
100615
100815
106648
112563
147926
160008
175551
182615
244712
253094
266480
275908
298542
309309
313854
323931
363213
372580
373745
406138
419754
435105
463975
465296
467562
481732
496886
496998
500037
514095
518814
527597
563345
569990
578091
601547
603461
619373
620801
632807
646787
669586
696675
699934
717448
727445
746947
748426
778508
779923
792484
799449
867657
879218
884876
889713
901791
918433
957731
962551
979247
994329
1018744
1044033
1071680
1082154
1089992
1102088
1109839
1139046
1140444
1145772
1163547
1169679
1172476
1203754
1204820
1219860
1242674
1289314
1304911
1329976
1337354
1339731
1348460
1396248
1417385
1438491
1453330
1454647
1470128
1496793
1508243
1515682
1530802
1555967
1586787
1596032
1605594
1607794
1666731
1680517
1687952
1688556
1728536
1753681
1762118
1764576
1770788
1795775
1816015
1820823
1836859
1853173
1869230
1880213
1896642
1904051
1907716
1909158
1909562
1916159
1930702
1947342
1981231
2028042
2031284
2031292
2040234
2057477
2061661
2074205
2075025
2093881
2094321
2097060
2126098
2142209
2148604
2160137
2181943
2232958
2265235
