44082
9851
40594
31617
21343
32314
4465
37006
29370
2081
25075
9502
42184
19847
22103
3864
17419
9282
38731
7653
33767
33970
25390
9942
16409
13251
6671
26803
39712
38466
39804
41086
5936
30742
23898
41418
1325
13787
30499
38391
11381
20258
6945
38018
16610
15270
17709
37426
3294
33093
24959
41832
42619
3931
5315
19407
25198
5420
21531
22242
17168
19349
14711
18727
19735
22112
9023
9472
37301
8362
9562
33517
765
21899
10378
39426
15452
3800
8308
2858
26685
14785
22135
34435
12966
30500
26
15485
37639
26132
4304
15702
39460
6952
24488
15584
39671
29800
35543
3938
21720
5812
21552
35752
700
13847
15636
25376
3445
18135
39479
18012
26495
8218
15190
18057
23562
31184
37678
32584
41425
12255
4741
36152
24507
31973
43892
14898
11045
24680
19388
34995
16246
38643
30625
40695
2253
31665
24284
8131
25477
10086
10355
42233
39859
20871
39594
4683
10109
656
14340
30237
12304
25731
3282
14941
7996
25681
39937
2791
1069
3296
43125
13503
33928
19805
1135
37032
1576
23351
11456
12089
23055
16085
12040
33936
38631
27976
35251
32856
38652
8938
21327
19770
29568
42488
43903
31793
40705
25773
19266
13790
38284
16922
9383
9971
23413
39532
13259
35101
14842
7729
17837
21665
23594
30595
43663
36018
12480
26617
44061
13411
8974
34105
37943
36266
6981
1207
33110
21829
413
9268
17069
38317
27066
14160
18741
7583
8006
38017
13137
26800
25719
13801
18610
19647
35218
40764
35785
24582
19928
32545
14161
22834
40004
168
41022
30348
35281
36186
9041
11701
21465
4020
40221
32235
16769
43163
23321
16137
32538
32609
18768
29622
34890
29017
31694
1474
29550
13867
29135
5595
8454
32298
38792
6674
12971
3852
11748
6895
32246
37155
7093
34662
36800
42318
42091
21381
13174
17749
976
23863
31242
26043
18299
13682
4400
26752
41060
21308
29208
7241
39892
12796
34990
18466
1044
4887
4802
35466
31096
43770
10231
9442
6310
22789
36083
17299
28004
31586
20005
24209
6926
18827
11945
27683
32510
22629
34944
40330
39757
3835
15397
43224
39520
39203
14730
31738
43526
13109
3795
33686
40685
33486
7784
15093
24262
36988
38856
40859
43006
3279
20837
21768
18883
25992
23279
19336
5408
43195
14422
1462
21997
3218
3531
8850
39959
9458
12513
29493
34284
30744
42943
21074
41108
33278
5615
34909
29343
26912
6749
22531
12178
27244
27936
14002
4424
29538
16755
21838
7665
30200
37069
30864
16349
21143
18317
2679
38672
20706
13328
31890
31070
43875
22229
30883
4686
42983
9262
11489
30902
35548
29422
876
32411
23768
2691
18801
27490
3550
25684
3984
32454
4664
33326
14479
13148
20839
20415
19215
20921
18563
3797
44214
14379
16433
32031
23961
3580
41870
4334
31166
32051
18598
17062
42126
4209
22844
35210
8057
11026
26880
2000
3824
35325
32035
23519
37831
21967
19674
26749
31026
27300
5843
1006
9979
30127
1257
31878
9506
5120
2303
34035
33520
17602
43674
7599
17187
13905
2670
39953
36437
37758
37780
31657
20035
22673
16773
11031
10361
16383
40355
23825
30063
11973
30575
21014
12611
16487
9323
