18145
20465
11087
8279
42130
726
18115
16712
31658
27614
17126
22157
14309
44095
36903
16281
1504
40739
22305
38066
43964
13469
28860
33056
9660
30796
14981
13768
36776
32151
9254
36519
8933
2570
13794
14910
21504
35234
36070
16414
20569
30009
25889
30495
22147
16455
29303
7320
35047
7068
25432
35877
37310
20229
2788
4797
12248
8278
15580
38987
3855
5772
21598
12771
16966
35662
21827
20524
5657
8151
5481
32827
36163
41793
38550
17979
5591
27221
6902
5417
9795
10323
15313
34387
16787
1445
38976
11322
10867
34827
9299
42927
29648
3455
35839
1205
22440
39215
33620
33488
35266
4363
6522
499
12498
25233
18581
41503
37444
35594
32149
6461
13663
5965
10220
12253
3041
42256
15940
38515
16157
4926
1663
29515
22104
16925
20079
15995
10583
26661
37801
37797
43098
27481
11374
28616
2083
38840
29124
37978
27949
41190
33181
14501
34826
10472
42343
15248
21903
42578
21438
5634
38125
9549
24562
35891
26699
42831
8978
30795
18171
9082
41891
835
41845
28949
18557
36370
20938
4494
30404
19820
31784
18682
36011
13298
19611
33662
26091
31836
9604
32515
35102
23840
34688
24806
5940
24919
39816
37292
32320
11471
38220
43747
34689
41106
24243
17268
31053
18835
9946
25631
8365
25263
5732
42029
21251
28833
7217
27816
29700
21692
28514
6282
12378
24280
22754
2654
27663
21125
21622
23690
40140
19361
2425
42542
30898
27032
14589
20075
15734
5682
19753
37293
33124
33182
32066
4546
2052
20677
43394
44215
34101
3557
9098
15601
6417
568
9637
14799
3713
24794
12724
17228
40384
31178
33872
28154
30100
15147
39572
37119
3631
26304
33033
1903
41946
16343
14256
25817
4618
13194
37628
4207
36372
23002
29885
31863
25311
12212
11802
40506
32303
21945
22470
35869
31353
37583
197
32265
11725
28109
18644
1136
39327
33263
1954
22349
39377
6207
10026
833
13757
6140
32015
18865
26540
36071
15821
7605
16904
1750
5912
26614
23344
4568
18421
44020
33907
43891
3409
28941
14216
43412
11266
35886
36541
8529
26292
43400
4178
12615
3620
35213
38919
28975
36780
28590
27873
16696
1330
37716
34345
28836
34838
6391
24983
32775
43197
13541
23671
9463
2952
1122
5002
38947
32080
31938
38304
29514
38184
11734
31538
636
10743
18306
28778
9972
23076
5518
11684
26309
32921
31666
25683
28660
703
19868
827
21217
38365
36819
998
22547
41006
42052
25051
40919
19798
17010
36831
9817
10398
24899
12786
35833
21038
17328
6013
494
1263
25778
21170
26295
33525
21369
28737
2867
36150
21213
1912
7296
39048
13212
23877
26438
23946
33617
18361
24241
377
16093
925
5425
23748
23472
19071
41384
29866
38549
14301
10810
8794
37246
4461
5552
11055
15441
13598
10678
21223
18344
27392
24502
29779
8852
30611
31580
42396
10062
6446
35028
5900
34773
27163
42425
17998
18535
24797
42893
38739
3176
15265
20571
10217
8652
10258
37747
41126
21081
26840
17007
33811
38073
21811
2283
16832
2848
16249
38346
24920
12843
32982
32855
41064
24614
30330
38342
40646
3187
22270
11335
31481
10921
14954
3211
5224
37043
30232
20916
