2226965
922793
1564595
795253
268607
490964
514199
1813633
1781821
146056
110428
1911865
1820098
877229
1711567
1656977
1998326
866245
1639214
2216632
256153
1612364
2115254
935502
1243725
2244119
1126839
603548
275056
1121218
2096890
586589
136715
1130805
169197
1913587
490578
493982
1171745
170779
654126
2035348
537675
902972
2028172
1394969
1300911
1118440
873902
2141295
818964
576681
327274
2184377
1042297
26632
2185663
660191
327519
1045217
967073
378717
2226772
969455
1720412
1630181
1092861
2049588
2051236
131306
1178420
1627965
1234525
545091
575682
1672346
995431
1804868
1075420
1227445
575639
612041
1827319
1006124
1494748
710820
1251431
1825917
1536056
787147
1482410
2166413
626086
2189443
662488
1482886
1421043
502197
1463246
1268051
709722
74690
377765
1548075
1926010
1095632
391639
158839
818754
40245
27638
923119
2147459
1914219
1776253
1108123
1810693
1727044
1845342
1100688
1748471
1434506
1793179
1780590
791522
577140
73303
1695253
1221765
1951125
2211330
208658
1589059
1057284
2162472
143086
230908
97629
1876
690842
1553766
1777519
1730056
813413
1472550
741237
1274852
1935881
1787710
1897902
1411465
656147
9322
2046748
195475
2191542
467663
1126266
1608895
578287
1212651
1594599
1912305
1534291
822554
919668
2046813
328410
107071
224870
800868
297607
1316467
1371638
1031468
1314048
17766
679372
1870764
1509264
1556109
1175012
1092502
460101
1160206
803888
1287108
1950407
1582092
275836
85995
1513278
720566
884266
1185645
1949630
447413
1788308
629428
1797891
437502
1921858
1944042
720192
2123626
2135186
266145
1453332
2199799
780776
184315
1632751
847939
1892885
2213483
1068848
107580
1822529
609139
1298119
2066783
1958667
2209596
421766
2090447
1817295
569517
244650
221294
298461
1693561
835911
901141
2121391
1707095
752721
1314130
1587428
886031
1028100
2145230
1419087
555939
2253574
679695
777000
486578
2159318
1754615
313812
1915937
556840
2147197
1684890
449551
900372
390838
892335
1654766
1826820
2121320
1565789
245186
462972
2019073
879487
1515988
744108
475128
1833809
15217
975587
617720
2036976
81758
226196
2021071
1874545
392469
215340
83370
1250123
245090
2159636
737082
222671
1838890
681634
894130
977524
481887
1928555
1170815
1919989
444046
1930198
1191444
1692085
137228
1262151
1629297
417740
1343474
178662
1827398
2217714
1643748
1766152
326688
518526
503106
2138475
1276194
1955293
314820
1523885
1767994
1591196
1326786
501362
1119461
1317483
95222
40411
928422
1723179
2005983
1561456
813247
182995
147587
650273
1926465
774295
1247500
1784391
2025984
2087588
358550
1860213
1735316
406864
1631291
1280999
53462
801211
2170036
2175600
1397719
1423630
112748
762761
340485
414863
7363
2167199
2006596
657698
2069600
57787
1816045
1505167
423186
1700988
75629
1125426
1593413
474144
17912
1117
820949
235932
1431545
785863
803667
2260744
700021
1435656
169919
323015
293609
101622
286342
499862
663
1552154
397231
277082
380095
631233
196170
1957063
1891064
1971113
1716819
162241
662765
319840
554076
602555
1662680
1293213
1205371
2142293
1526613
1967819
1957772
1403817
1227296
1045519
1035267
2263017
1790159
929795
1467524
1125250
1880309
202317
1136698
1337426
578767
2148028
1157465
138232
153152
2098381
1147817
1234218
1056126
1390893
366983
2061508
1532456
1643732
1718666
135745
474583
1836963
473546
38691
1601020
224495
2240515
1612144
1902378
1332183
2259451
1777301
2065750
1595146
1175745
46549
1797377
730307
1321157
716906
1097489
297112
571996
1463416
214093
388187
1176468
1632566
2244034
970165
771523
1013925
2113728
985281
1919460
309865
1912911
2189856
234321
1133697
1082657
2225149
7197
1952276
59473
673213
2144991
1485585
1616453
1558544
1108660
1465265
1763432
1348730
993255
762182
1458045
62008
434756
2055560
1463754
2009712
205556
1137654
