30130
59490
61230
75870
106774
119001
127416
143715
162918
199853
203863
207330
207936
244678
267808
267937
268517
292046
301637
328046
329114
349334
367821
400657
412049
429510
447678
479597
501660
522685
526091
554786
561167
565257
585543
591384
607419
616634
625810
632182
649042
651199
652372
661997
667185
667995
673242
683109
714737
722778
742140
746783
772253
775715
776130
797446
818992
873672
882668
943392
976113
1003383
1004854
1014916
1032741
1049953
1060683
1072075
1082655
1083159
1091045
1092569
1101764
1153436
1158330
1167740
1178854
1193349
1203427
1206554
1250961
1281626
1284864
1318927
1365007
1366206
1373565
1394692
1396234
1416668
1441277
1446908
1447478
1460038
1482284
1507216
1508073
1508448
1545509
1575580
1583291
1584711
1608073
1622571
1653899
1676919
1679208
1688196
1692464
1723193
1724131
1736072
1773090
1776802
1777376
1786072
1809528
1828798
1832203
1844049
1860401
1879194
1886849
1891209
1896292
1899969
1910871
1943424
1944198
1958133
1976101
1984966
1997312
1999103
1999479
2016213
2026038
2033467
2034549
2036921
2067320
2077081
2082625
2084609
2086307
2090875
2096610
2121247
2126942
2127751
2142198
2175630
2176169
2183154
2240941
2252673
2255413
