513270
1314821
1607169
1323629
514964
2004484
347964
1469132
514211
463616
1151794
1224925
12833
1129685
1059203
1973637
1325788
1770627
1224070
1347127
1604767
476238
680854
413863
2034164
2106750
985996
2115488
1458832
1922611
979996
1700197
457634
1109427
2138114
430205
170034
2130149
1717166
1519017
1507430
971790
1012966
1597928
1124199
118979
2057171
1785025
1519707
502288
967499
128577
718160
2139759
1737297
913262
1805122
426496
940550
355676
2267175
631046
1223994
520687
1063290
1311673
6960
420345
569680
146111
504508
2127702
1744532
1568632
160097
972423
804780
1867003
391876
710792
192409
594859
2224025
110132
730671
1209022
940674
851737
88892
2172274
567618
1987642
1960711
85865
250435
564914
1921082
2174399
76726
2067257
1905538
55137
1597693
1318294
1649860
491161
1422540
2070166
1637540
1103540
188107
1571681
1924022
1592099
2260852
1812969
1171195
2220701
434326
2146372
2121901
628637
661520
2046744
624677
561361
501914
1165296
1743407
376844
742161
1308956
554993
689356
382540
1106190
209303
1237799
1213242
406920
2104919
495914
791474
1364677
291751
1989441
1532910
1284973
503461
799648
2215860
75348
941050
981891
2266391
1074048
1476477
924109
1848382
2096764
692020
1978358
542262
478989
2152201
851435
739843
1909135
455410
1245321
1360647
1021757
357855
2123774
690113
580520
581952
40187
463242
1353910
82975
1951473
302423
1053657
28384
900233
375926
2240768
94707
1442308
164771
1123947
309560
1536747
544773
547386
1103929
1493067
2267270
1633960
1739523
644615
987482
714480
1073955
1684770
2046133
82727
1596263
1277031
1615292
1728188
1270982
1962737
918740
442882
1119890
1742781
1764776
1034979
1804477
675766
1244978
1057509
867708
346982
1611388
443265
2091711
1011707
1965782
337417
1516314
847708
687534
1996666
30208
1278898
1771558
369028
309562
1599411
1921076
960562
1164923
1772364
218794
375875
2030324
77402
1568906
178153
387850
1435500
1784648
1817316
997320
2245930
567202
1343570
1989823
1270887
1915227
1847569
1365741
1360511
7926
949808
374822
121302
956145
2203670
2165218
486361
734614
712824
1328953
1882660
1937232
2064448
38477
516483
370354
1018391
610124
171991
172372
1401349
1168627
2204922
160692
160350
2094405
554077
1551360
2140762
1261769
1174242
584591
1423877
989521
1093181
315439
1680798
1491670
1836485
372289
639710
1377468
771700
1658900
1295323
1611420
1844753
802118
907751
1959677
1636124
70892
2056635
338613
1156779
224703
1600990
1862944
873716
356192
367019
154749
391121
1971108
331942
1257702
2258874
42079
930391
879406
2184926
598694
148599
1494235
1694859
515695
892362
1198704
520230
703016
979251
159549
108835
2205510
284385
1800943
645758
1500607
2183677
1646745
1779726
808373
324087
1911568
279437
2176923
1295710
1301909
1033565
885161
1405064
1757096
1614971
1220020
2235612
760032
2252548
135410
128529
1648511
2241122
10212
556174
2184249
1936119
1576003
1338074
8166
1003501
435917
142686
1878587
1716419
1063321
760840
52187
1828174
825933
2031163
291551
1442808
577330
133132
765415
723042
1075313
1029569
1071498
325680
202288
1636030
1153498
1632684
448574
150411
2065441
2158825
1034087
1888661
1734658
681654
2026418
1390670
493244
754342
1843240
1654316
139192
1606727
1771355
1140971
745339
650457
340957
1051302
1860194
819767
2205759
1709159
394871
1716698
883001
548094
564072
872897
1495986
2135586
1967315
816764
1872974
1569142
1811908
1680863
855235
1896884
1452069
1672245
2075513
182056
619664
123790
2132183
623447
1294716
1819288
1055378
320565
1036926
1359438
1341460
116343
2115630
251378
492719
1545165
1290261
1129289
1901364
896095
1553106
1089439
579775
173669
1179826
900836
2195185
1609399
360536
972965
336208
1100374
1475143
1346811
1996866
1258726
515677
680455
2008466
1967117
723492
783107
1714726
363287
