40254
43509
41607
33141
34642
3635
37859
24428
9517
28288
29673
32148
23007
13270
23814
25797
32511
42856
36175
19526
5743
777
31767
9671
4953
9050
22746
35474
7032
27771
6245
4919
4589
26468
37404
34445
29250
43678
18328
21572
28381
39453
7558
25213
13858
19865
16685
8075
7163
36929
43404
5572
25131
11299
9006
7647
41923
37008
8681
30646
23089
25371
35771
31172
17793
9062
14114
33855
5286
37096
3586
26340
17370
23490
7709
29658
33800
23894
39691
40881
6430
13348
15814
17734
3818
12442
28747
1569
3223
33265
36104
35679
26471
29675
13791
13621
11199
28624
33564
38805
11669
34116
17849
11887
15844
5957
11560
4769
10529
14659
10133
28284
43537
14688
33815
34652
28886
35360
33494
32396
35291
33776
37401
2949
38578
16860
8087
38127
7984
9590
13945
24575
19935
24271
16618
29453
34978
11139
14522
41288
3985
37060
31235
34363
23684
9352
14467
12448
17573
19004
42735
31487
34351
11439
7903
26087
27393
8359
38608
18497
15832
41748
16934
24399
27208
38528
6431
36995
36064
10730
7518
33914
914
35838
43548
30359
12622
35457
37097
4947
29769
20538
41999
12130
24998
3613
2413
39516
27243
42102
22011
25632
24092
8140
17441
31163
27394
39792
24916
19994
12487
36671
20485
40135
36504
4377
15473
12695
35554
32771
41796
38069
3062
6488
26648
19862
34241
293
5322
18946
24442
25879
16327
23277
29216
13797
18274
4490
509
11746
41026
16311
20822
22089
36361
29191
37202
22071
14290
40955
35046
34396
7409
9839
10705
23234
11572
301
34610
36324
32932
12189
29156
28374
15260
11189
24808
38019
1036
17332
14496
14076
25265
29951
7427
19464
3207
40290
22120
20198
14715
3682
4673
28360
16289
18123
4258
37738
6614
39889
4261
42149
5081
1838
11869
15928
26047
41269
28647
31473
7766
17492
25664
34433
30535
17354
34348
43024
1524
34388
32484
43818
21769
19859
19887
5047
25666
34499
6027
14944
31008
26175
5340
11013
2859
39118
35252
6605
6849
21337
32173
2041
38694
24246
19296
35195
16534
29292
18608
42955
31139
43088
4168
32094
27552
12636
15288
30737
31674
6886
23271
35901
19247
37727
10902
35719
22753
29742
28364
43667
23839
16169
18633
9317
22804
22927
4123
44003
23740
14568
21626
36957
20958
29701
20754
7944
7067
37762
1147
39543
24109
7412
26243
29718
20847
1879
10688
40744
38785
1905
13354
580
12568
14376
28884
35087
36551
14544
31241
18004
42265
24381
25282
38161
18252
26812
13948
31472
3628
38773
5138
10223
36814
10014
10828
30868
21875
3688
33584
24421
19440
35758
17300
20816
4468
18146
22004
25497
34150
24101
29924
37041
41803
4520
33541
1398
1275
13228
40225
19066
24005
40560
25710
25742
14122
6099
9218
9837
40137
34974
14562
3678
29301
5895
31221
24267
16584
8509
21646
29676
15489
31911
17395
18709
13778
14836
1985
15249
6810
20420
23531
6236
22246
27629
18575
24862
39957
20729
37544
20026
1380
41987
10066
14099
42754
30166
18494
34872
21596
4509
28876
14240
20655
33848
7832
24077
17878
2725
30083
32726
40470
18903
27259
1521
38375
9118
37483
36354
20060
23128
