9356
30612
26676
42283
9508
10447
20914
36813
29
14312
22347
30901
8358
41918
26634
33012
39745
11960
34216
29351
35648
29766
6449
30158
40880
5057
43396
5884
14248
4107
611
26068
31757
2719
41998
39158
30269
21733
1669
35459
33280
28913
38096
18615
42565
31559
19933
22469
1738
23317
39941
6090
11156
42218
2714
29320
9296
31175
18394
42246
8481
9496
24183
30892
8051
43354
33521
19685
16366
2336
38568
27
36123
11694
452
33639
5071
14662
36652
4387
43331
7390
24756
26968
18435
33457
27572
2966
39382
37270
41514
16119
22895
1058
25201
34247
21807
17647
11927
5788
16561
31315
21635
6883
19308
30719
38761
31383
35966
41434
19164
36533
30060
5398
40896
13426
10023
3898
25682
31154
42280
26952
22536
42608
4623
26019
846
4592
8094
33197
4324
39956
9643
41959
18597
7425
17093
15998
18825
39057
25135
12613
36900
35122
21518
14978
33839
11514
398
38918
1476
21464
28693
31381
42529
43096
18816
4992
38799
35958
27019
16558
43185
7697
20151
42455
36404
21263
16512
14372
33518
11652
38783
39065
42813
10968
35304
34413
39634
5440
38689
28020
26669
6884
13278
37023
27273
9961
28176
24452
28758
30194
41138
11597
3844
1290
6022
30613
21510
25472
2240
15387
16812
30824
11942
29782
7207
31017
33761
21414
21826
27693
4601
21913
25691
6127
25272
13477
36465
18804
1596
35380
36668
3470
179
26854
7302
34658
3112
19423
30896
31278
34406
43698
14991
22208
2720
3271
899
13334
14225
13360
39413
19472
3634
2067
1527
35472
24554
2922
25409
35118
21111
13569
13879
42466
743
24884
43087
34263
39717
32499
16250
16051
25893
16003
26230
43383
27211
896
4284
41842
2359
2538
40024
27015
3796
108
27984
2483
40376
16120
38028
40870
8429
41145
7660
33043
22165
40927
26527
18753
36840
32414
37942
29938
4069
19535
19570
2908
43835
9447
38509
14529
11711
41688
37066
26983
13738
16027
21499
14560
13765
15696
10594
6766
5381
40413
37681
11165
6137
43010
21321
35196
28240
10315
24785
10468
31678
38003
1846
20718
4299
6317
41835
30720
29896
39593
8209
40940
34278
36379
43602
21734
28650
6410
22264
2571
42739
30634
12886
36075
30643
42336
25769
16209
40969
35607
33743
13475
25391
6184
1111
44183
6526
21676
30888
9449
16056
16180
33809
29286
39665
19784
13124
37517
42604
9794
3230
32810
33402
12609
9594
31355
4419
40353
37540
9628
38933
3625
2709
8672
40285
42643
13045
4975
33768
6264
23513
40085
13226
8644
3284
11749
1166
526
19201
6857
39153
11288
6817
30950
3392
17427
7742
19049
19955
34626
21506
27250
27715
42719
3022
18496
27346
39320
35219
4580
18298
40672
1688
7443
21704
31547
13644
31826
9645
17472
2172
15989
15067
21833
35131
21977
37065
2739
364
36574
1109
12121
15843
13638
16189
15460
34532
27875
20595
33688
31761
19218
2164
39982
21563
38356
37750
35689
34230
32736
18808
43614
16633
7473
10815
1259
43376
14274
5629
33019
42173
10948
18374
28653
6830
6639
32923
27735
22656
30974
36364
43190
9304
36991
36947
379
10888
28684
8754
22236
14620
13000
